1344.978515625,60.79193878173828,4260.92919921875,-0.23925775289535522,-0.8238778710365295,94.46908569335938
1344.693115234375,60.78783416748047,4260.927734375,-0.2680358588695526,-0.8575711846351624,93.32640075683594
1344.398681640625,60.783626556396484,4260.92138671875,-0.2920837104320526,-0.892541766166687,92.14952087402344
1344.093994140625,60.77903747558594,4260.9072265625,-0.3435668349266052,-0.9361798167228699,90.94215393066406
1343.7791748046875,60.7738151550293,4260.8837890625,-0.4148253798484802,-0.9839160442352295,89.51260375976562
1343.4566650390625,60.76816177368164,4260.84619140625,-0.4900817275047302,-1.0292069911956787,87.76687622070312
1343.1263427734375,60.762264251708984,4260.79638671875,-0.5546262860298157,-1.0702837705612183,85.87442016601562
1342.787353515625,60.75598907470703,4260.73291015625,-0.6312865018844604,-1.0989705324172974,83.87339782714844
1342.4393310546875,60.74720001220703,4260.65380859375,-0.9998471140861511,-1.235867977142334,81.8392333984375
1342.082275390625,60.73410415649414,4260.55908203125,-1.7439881563186646,-1.5369495153427124,79.73597717285156
1341.716796875,60.722450256347656,4260.45458984375,-1.6197506189346313,-1.687739610671997,77.55938720703125
1341.349365234375,60.71772384643555,4260.328125,-1.5242921113967896,-1.5084813833236694,75.07623291015625
1340.9820556640625,60.71480178833008,4260.17919921875,-1.304565191268921,-1.3134726285934448,72.30824279785156
1340.614501953125,60.71023941040039,4260.005859375,-1.2828367948532104,-1.214387059211731,69.37104797363281
1340.2479248046875,60.7042236328125,4259.80908203125,-1.3428955078125,-1.146051049232483,66.30821228027344
1339.8834228515625,60.69686508178711,4259.58935546875,-1.4917296171188354,-1.0418701171875,63.11268615722656
1339.5213623046875,60.68331527709961,4259.34423828125,-2.080169677734375,-0.6724184155464172,59.76104736328125
1339.169189453125,60.67497253417969,4259.07373046875,-2.226775646209717,-0.5565783977508545,56.331512451171875
1338.833251953125,60.671878814697266,4258.7763671875,-1.993804931640625,-0.6085835099220276,52.54705810546875
1338.5145263671875,60.66983413696289,4258.44970703125,-1.9140318632125854,-0.6595162153244019,48.48077392578125
1338.2125244140625,60.665164947509766,4258.0966796875,-1.739166498184204,-0.6925948262214661,44.28446960449219
1337.9312744140625,60.65948486328125,4257.716796875,-1.500946283340454,-0.7362670302391052,40.00511169433594
1337.673828125,60.65379333496094,4257.3115234375,-1.2265623807907104,-0.7851575016975403,35.65727996826172
1337.4442138671875,60.648441314697266,4256.88232421875,-0.985687255859375,-0.842893123626709,31.244003295898438
1337.24951171875,60.64332962036133,4256.43115234375,-1.2221375703811646,-0.8933955430984497,26.580780029296875
1337.0931396484375,60.63992691040039,4255.9638671875,-1.2965089082717896,-0.7976362705230713,21.534042358398438
1336.97607421875,60.63716125488281,4255.48193359375,-1.177215576171875,-0.6297024488449097,16.276634216308594
1336.89501953125,60.6347541809082,4254.984375,-0.9432679414749146,-0.45846277475357056,11.222213745117188
1336.8311767578125,60.63159942626953,4254.46875,-0.633270263671875,-0.25452014803886414,7.336555480957031
1336.7711181640625,60.62544631958008,4253.93701171875,-0.43817129731178284,0.067051962018013,5.093353271484375
1336.7181396484375,60.62217712402344,4253.39453125,-0.26849356293678284,0.23840774595737457,4.100593566894531
1336.672607421875,60.6229362487793,4252.84130859375,-0.1976623237133026,0.2578669488430023,3.6991806030273438
1336.6312255859375,60.62512969970703,4252.27685546875,-0.1590576022863388,0.24189113080501556,3.5281906127929688
1336.592529296875,60.62749481201172,4251.701171875,-0.1301879733800888,0.23026615381240845,3.4544754028320312
1336.55517578125,60.629764556884766,4251.115234375,-0.1031188815832138,0.22340863943099976,3.41925048828125
1336.51806640625,60.63191604614258,4250.51904296875,-0.0787658542394638,0.21874362230300903,3.4052734375
1336.481201171875,60.63395690917969,4249.91259765625,-0.05801388993859291,0.21535585820674896,3.39703369140625
1336.4443359375,60.63590621948242,4249.29638671875,-0.0407714881002903,0.21267159283161163,3.3945846557617188
1336.40673828125,60.63780212402344,4248.66943359375,-0.02679443173110485,0.21066351234912872,3.39251708984375
1336.368896484375,60.6396598815918,4248.0322265625,-0.015594478696584702,0.2089969515800476,3.392120361328125
1336.3304443359375,60.641502380371094,4247.3857421875,-0.006713872775435448,0.207767516374588,3.3916397094726562
1336.29150390625,60.643333435058594,4246.728515625,-3.0515935577568598e-05,0.20687276124954224,3.3915328979492188
1336.251953125,60.64516830444336,4246.06201171875,0.005150983110070229,0.20607362687587738,3.3914718627929688
1336.17138671875,60.648563385009766,4244.6982421875,0.002750880317762494,0.1886703073978424,3.3914718627929688
1336.17138671875,60.648563385009766,4244.6982421875,0.002750880317762494,0.1886703073978424,3.3914718627929688
1336.0904541015625,60.65939712524414,4243.29345703125,-1.130248785018921,0.5727522969245911,3.5689620971679688
1336.0904541015625,60.65939712524414,4243.29345703125,-1.130248785018921,0.5727522969245911,3.5689620971679688
1336.0401611328125,60.67088317871094,4242.5859375,-2.064574956893921,0.9303604960441589,3.8195724487304688
1335.93603515625,60.682518005371094,4241.9833984375,-2.126953125,1.0075348615646362,4.205589294433594
1335.8349609375,60.68784713745117,4241.392578125,-2.252533197402954,1.049000859260559,4.6374359130859375
1335.7362060546875,60.6900749206543,4240.8154296875,-2.382507562637329,1.0877758264541626,5.076835632324219
1335.64111328125,60.68997573852539,4240.2373046875,-2.518799066543579,1.1258063316345215,5.703727722167969
1335.5460205078125,60.687992095947266,4239.64453125,-2.602051258087158,1.1318920850753784,6.689552307128906
1335.44482421875,60.68805694580078,4239.0400390625,-2.784271717071533,0.9520121812820435,7.7907257080078125
1335.3326416015625,60.68852996826172,4238.42529296875,-2.871124744415283,0.679385244846344,8.920501708984375
1335.206787109375,60.68731689453125,4237.80078125,-2.729583978652954,0.38736048340797424,10.064163208007812
1335.074462890625,60.68490219116211,4237.166015625,-2.572235107421875,0.17517384886741638,10.875152587890625
1334.9390869140625,60.68227005004883,4236.52001953125,-2.456482410430908,0.07020068168640137,11.266830444335938
1334.799072265625,60.67900085449219,4235.86328125,-2.291046142578125,0.006837018765509129,11.450569152832031
1334.654296875,60.6748046875,4235.197265625,-2.070678472518921,-0.05179332196712494,11.532783508300781
1334.506103515625,60.669960021972656,4234.52197265625,-1.805389642715454,-0.10376422852277756,11.565269470214844
1334.3546142578125,60.66475296020508,4233.8359375,-1.5130308866500854,-0.14919865131378174,11.573837280273438
1334.200439453125,60.65924835205078,4233.14013671875,-1.198516845703125,-0.18789848685264587,11.570388793945312
1334.0435791015625,60.65296173095703,4232.43505859375,-0.8669432997703552,-0.19894291460514069,11.561630249023438
1333.8846435546875,60.6462287902832,4231.7197265625,-0.522064208984375,-0.19824622571468353,11.550872802734375
1333.7235107421875,60.63932800292969,4230.994140625,-0.1690368801355362,-0.19506336748600006,11.538772583007812
1333.5601806640625,60.63231658935547,4230.259765625,0.19489818811416626,-0.19043248891830444,11.526588439941406
1333.39501953125,60.625335693359375,4229.5146484375,0.5523020029067993,-0.18136882781982422,11.507713317871094
1333.2315673828125,60.62014389038086,4228.75927734375,0.6732559204101562,-0.11443981528282166,11.416496276855469
1333.0711669921875,60.61797332763672,4227.9931640625,0.5690513849258423,-0.09646275639533997,11.359146118164062
1332.9114990234375,60.61679458618164,4227.21728515625,0.43558812141418457,-0.10730226337909698,11.328643798828125
1332.7513427734375,60.615516662597656,4226.431640625,0.32404905557632446,-0.13293597102165222,11.311927795410156
1332.590087890625,60.61389923095703,4225.6357421875,0.23865197598934174,-0.1609465628862381,11.302505493164062
1332.4276123046875,60.61193084716797,4224.830078125,0.1751386821269989,-0.1879258155822754,11.297065734863281
1332.2635498046875,60.60932159423828,4224.01513671875,0.1284695714712143,-0.19971472024917603,11.293731689453125
1332.0977783203125,60.60620880126953,4223.189453125,0.09416025876998901,-0.2027541548013687,11.291702270507812
1331.930419921875,60.602806091308594,4222.35498046875,0.06894690543413162,-0.2033347189426422,11.290481567382812
1331.7613525390625,60.59922790527344,4221.51025390625,0.05041881650686264,-0.20339618623256683,11.28973388671875
1331.590576171875,60.59552764892578,4220.65625,0.037045881152153015,-0.20339618623256683,11.289329528808594
1331.417724609375,60.59172821044922,4219.79248046875,0.027104556560516357,-0.20336204767227173,11.289047241210938
1331.23828125,60.58786392211914,4218.92138671875,0.05624152347445488,-0.203949436545372,11.565414428710938
1331.04541015625,60.58394241333008,4218.0439453125,0.11416596174240112,-0.20464611053466797,12.353370666503906
1330.8388671875,60.579978942871094,4217.16064453125,0.16847091913223267,-0.20489200949668884,13.47186279296875
1330.6163330078125,60.57596206665039,4216.27197265625,0.21894565224647522,-0.20468026399612427,14.797187805175781
1330.382568359375,60.5718879699707,4215.37646484375,0.22167249023914337,-0.20401090383529663,15.886268615722656
1330.1396484375,60.56778335571289,4214.47412109375,0.20652532577514648,-0.20342351496219635,16.55164337158203
1329.88623046875,60.56362533569336,4213.5634765625,0.19791090488433838,-0.2032390981912613,16.961219787597656
1329.6229248046875,60.55940628051758,4212.64599609375,0.19231551885604858,-0.2041884958744049,17.214431762695312
1329.3509521484375,60.555145263671875,4211.720703125,0.18607370555400848,-0.20513789355754852,17.371376037597656
1329.071044921875,60.55093765258789,4210.78759765625,0.17222239077091217,-0.1998240053653717,17.469253540039062
1328.78466796875,60.54695510864258,4209.84716796875,0.1579429805278778,-0.17941540479660034,17.531021118164062
1328.4923095703125,60.543338775634766,4208.89794921875,0.13649235665798187,-0.14040818810462952,17.57044219970703
1328.19482421875,60.540462493896484,4207.94140625,0.11604239791631699,-0.07873158901929855,17.595924377441406
1327.8924560546875,60.53837585449219,4206.97509765625,0.09544544667005539,-0.016542717814445496,17.612045288085938
1327.58642578125,60.53717803955078,4206.00146484375,0.07428734004497528,0.040236640721559525,17.622329711914062
1327.2762451171875,60.53690719604492,4205.0185546875,0.05982888489961624,0.07069245725870132,17.62859344482422
1326.963134765625,60.53715515136719,4204.02685546875,0.04538307711482048,0.08404546976089478,17.632492065429688
1326.6463623046875,60.53779983520508,4203.02685546875,0.035497866570949554,0.08299362659454346,17.63495635986328
1326.32666015625,60.53852081298828,4202.0185546875,0.027824901044368744,0.07911407947540283,17.636611938476562
1326.0091552734375,60.53919219970703,4201.0,-0.013916008174419403,0.07474275678396225,17.356887817382812
1325.700439453125,60.539794921875,4199.97021484375,-0.0803832933306694,0.07096566259860992,16.547164916992188
1325.40185546875,60.54031753540039,4198.9287109375,-0.14199824631214142,0.06827456504106522,15.372627258300781
1325.1160888671875,60.540775299072266,4197.875,-0.1998901218175888,0.06648505479097366,13.954391479492188
1324.8466796875,60.54119110107422,4196.80908203125,-0.256378173828125,0.06520780920982361,12.371788024902344
1324.5965576171875,60.54156494140625,4195.72998046875,-0.312774658203125,0.06425158679485321,10.676292419433594
1324.3682861328125,60.54191589355469,4194.63916015625,-0.3683776259422302,0.06358905881643295,8.901260375976562
1324.168701171875,60.542259216308594,4193.5361328125,-0.4462891221046448,0.06171075627207756,6.8761138916015625
1323.996337890625,60.54258346557617,4192.42236328125,-0.48468017578125,0.06151951104402542,4.857002258300781
1323.8427734375,60.54288864135742,4191.29736328125,-0.4732666611671448,0.06227083131670952,3.4240188598632812
1323.71044921875,60.54318618774414,4190.1611328125,-0.4647216200828552,0.0627899244427681,2.4077911376953125
1323.5992431640625,60.543495178222656,4189.01416015625,-0.458465576171875,0.0632338896393776,1.68695068359375
1323.50732421875,60.54379653930664,4187.85791015625,-0.4480895698070526,0.06346611678600311,1.1783523559570312
1323.4324951171875,60.54410171508789,4186.69091796875,-0.4305419325828552,0.06359589099884033,0.8221435546875
1323.372802734375,60.54439926147461,4185.5146484375,-0.40527334809303284,0.06358905881643295,0.5745086669921875
1323.3250732421875,60.54470443725586,4184.32861328125,-0.3739318251609802,0.0635070949792862,0.4034423828125
1323.28759765625,60.54501724243164,4183.13330078125,-0.3384094536304474,0.06331585347652435,0.28563690185546875
1323.258056640625,60.545326232910156,4181.9287109375,-0.3011779487133026,0.06324754655361176,0.20464324951171875
1323.2349853515625,60.54563903808594,4180.71435546875,-0.2638244330883026,0.06308362632989883,0.14886474609375
1323.2171630859375,60.545955657958984,4179.49169921875,-0.2281188815832138,0.06291969865560532,0.110321044921875
1323.203369140625,60.54627227783203,4178.25927734375,-0.19485469162464142,0.06272845715284348,0.0836029052734375
1323.1925048828125,60.54658508300781,4177.01806640625,-0.164947509765625,0.06247573718428612,0.06504058837890625
1323.1842041015625,60.54690170288086,4175.76806640625,-0.1382751762866974,0.06225034222006798,0.05204010009765625
1323.177490234375,60.54722213745117,4174.5087890625,-0.1150512620806694,0.06209324672818184,0.04291534423828125
1323.17236328125,60.547542572021484,4173.240234375,-0.0950927808880806,0.0619361512362957,0.03647613525390625
1323.1680908203125,60.547874450683594,4171.962890625,-0.078277587890625,0.06174490600824356,0.03186798095703125
1323.164794921875,60.5482063293457,4170.67724609375,-0.0639953687787056,0.06154683232307434,0.02863311767578125
1323.16748046875,60.54853820800781,4169.3828125,-0.0879516676068306,0.060713548213243484,-0.255584716796875
1323.1826171875,60.54887390136719,4168.08154296875,-0.140533447265625,0.05966169759631157,-1.07861328125
1323.2125244140625,60.54921340942383,4166.77197265625,-0.1940307766199112,0.05909479409456253,-2.294189453125
1323.2532958984375,60.5495491027832,4165.45458984375,-0.20526123046875,0.05956607684493065,-3.43206787109375
1323.3038330078125,60.549983978271484,4164.12841796875,-0.2027892917394638,0.06647823005914688,-4.240516662597656
1323.3663330078125,60.55075454711914,4162.79345703125,-0.2077941596508026,0.08875147253274918,-4.820777893066406
1323.441162109375,60.552268981933594,4161.45068359375,-0.21701043844223022,0.14098192751407623,-5.240852355957031
1323.528564453125,60.55484390258789,4160.10009765625,-0.2251891940832138,0.2055203765630722,-5.5427703857421875
1323.6268310546875,60.559085845947266,4158.74169921875,-0.2291564643383026,0.27740129828453064,-5.758155822753906
1323.735107421875,60.564979553222656,4157.37548828125,-0.2286377102136612,0.35648804903030396,-5.91180419921875
1323.8521728515625,60.572776794433594,4156.00146484375,-0.22402949631214142,0.4235673248767853,-6.01922607421875
1323.9765625,60.5823860168457,4154.6201171875,-0.2158202975988388,0.49302351474761963,-6.0955047607421875
1324.248779296875,60.6069450378418,4151.83447265625,-0.23001103103160858,0.6271547675132751,-6.468696594238281
1324.248779296875,60.6069450378418,4151.83447265625,-0.23001103103160858,0.6271547675132751,-6.468696594238281
1324.406005859375,60.62153244018555,4150.43310546875,-0.2722777724266052,0.6725345253944397,-7.312507629394531
1324.5811767578125,60.63715744018555,4149.02685546875,-0.3106383681297302,0.6908257603645325,-8.542823791503906
1324.77685546875,60.65360641479492,4147.61669921875,-0.347198486328125,0.7022321820259094,-10.059211730957031
1324.9969482421875,60.670780181884766,4146.203125,-0.3865050673484802,0.7403787970542908,-11.796417236328125
1325.2452392578125,60.689002990722656,4144.7880859375,-0.4273070991039276,0.8037971258163452,-13.697502136230469
1325.525390625,60.70878219604492,4143.37353515625,-0.46838387846946716,0.8770167231559753,-15.715003967285156
1325.84326171875,60.73041915893555,4141.96337890625,-0.5259703993797302,0.951008141040802,-17.995162963867188
1326.205078125,60.75394821166992,4140.5634765625,-0.5848387479782104,1.020805835723877,-20.682830810546875
1326.607666015625,60.77952194213867,4139.17138671875,-0.5916442275047302,1.0948246717453003,-23.326797485351562
1327.0465087890625,60.80707931518555,4137.78466796875,-0.5555724501609802,1.1678802967071533,-25.43000030517578
1327.5245361328125,60.83670425415039,4136.40673828125,-0.5333252549171448,1.236318826675415,-27.107955932617188
1328.041259765625,60.8679084777832,4135.03759765625,-0.5225830674171448,1.2856327295303345,-28.44241714477539
1328.595458984375,60.90020751953125,4133.67919921875,-0.512420654296875,1.2965542078018188,-29.487735748291016
1329.1849365234375,60.93315124511719,4132.330078125,-0.5033263564109802,1.2933509349822998,-30.313098907470703
1329.807373046875,60.966087341308594,4130.9892578125,-0.4840697944164276,1.291110634803772,-30.968528747558594
1330.4600830078125,60.99904251098633,4129.65625,-0.46102914214134216,1.2859810590744019,-31.481578826904297
1331.140869140625,61.03190231323242,4128.3310546875,-0.4319457411766052,1.2834266424179077,-31.881610870361328
1331.8466796875,61.064247131347656,4127.01025390625,-0.39837637543678284,1.2544939517974854,-32.17891311645508
1332.57470703125,61.09544372558594,4125.69384765625,-0.3750304579734802,1.1701616048812866,-32.385833740234375
1333.3218994140625,61.124515533447266,4124.37939453125,-0.3524169623851776,1.0478534698486328,-32.53144073486328
1334.08642578125,61.15044403076172,4123.06591796875,-0.3341064155101776,0.9130733013153076,-32.63935852050781
1334.865966796875,61.17280578613281,4121.75146484375,-0.31130969524383545,0.7742292284965515,-32.72096633911133
1335.6546630859375,61.192054748535156,4120.4326171875,-0.24645991623401642,0.6718105673789978,-32.50533676147461
1336.44482421875,61.20946502685547,4119.1044921875,-0.145355224609375,0.6650213599205017,-31.705806732177734
1337.23291015625,61.22736358642578,4117.765625,-0.042602527886629105,0.7741472721099854,-30.44007110595703
1338.013916015625,61.24752426147461,4116.41357421875,0.05244505777955055,0.9235166311264038,-28.837860107421875
1338.78125,61.27105712890625,4115.04638671875,0.13877108693122864,1.0224723815917969,-27.016521453857422
1339.53564453125,61.29710388183594,4113.66357421875,0.18103477358818054,1.0532629489898682,-25.390052795410156
1340.2774658203125,61.3238410949707,4112.2666015625,0.2138110101222992,1.012227177619934,-24.162643432617188
1341.00439453125,61.34955978393555,4110.85400390625,0.2508532404899597,0.9079028367996216,-23.224533081054688
1341.7159423828125,61.37272262573242,4109.4267578125,0.28836527466773987,0.7742975354194641,-22.493118286132812
1342.41259765625,61.39241409301758,4107.98388671875,0.31954464316368103,0.6362252831459045,-21.912033081054688
1343.094970703125,61.40842819213867,4106.52587890625,0.3418969511985779,0.5122504830360413,-21.443328857421875
1343.7635498046875,61.4212646484375,4105.0537109375,0.35684725642204285,0.4265930950641632,-21.05811309814453
1344.419189453125,61.4319953918457,4103.56640625,0.3637838065624237,0.3942658305168152,-20.738998413085938
1345.062744140625,61.4416618347168,4102.06591796875,0.36389267444610596,0.39428630471229553,-20.482345581054688
1345.695556640625,61.45124053955078,4100.55224609375,0.3582940399646759,0.40052226185798645,-20.28374481201172
1346.3187255859375,61.46101379394531,4099.0263671875,0.3444378972053528,0.4067445695400238,-20.131988525390625
1346.9290771484375,61.47112274169922,4097.48779296875,0.35806506872177124,0.4118603765964508,-19.76103973388672
1347.521728515625,61.481502532958984,4095.935791015625,0.3889974057674408,0.415897011756897,-18.915023803710938
1348.0960693359375,61.492191314697266,4094.3701171875,0.41895368695259094,0.4192301630973816,-17.68866729736328
1348.6495361328125,61.50307083129883,4092.79052734375,0.4485306441783905,0.42119041085243225,-16.16863250732422
1349.1785888671875,61.51411819458008,4091.196533203125,0.4821411669254303,0.4205210506916046,-14.422935485839844
1349.679443359375,61.52528762817383,4089.588134765625,0.5213348269462585,0.4223925471305847,-12.500457763671875
1350.1534423828125,61.53653335571289,4087.9658203125,0.5330052375793457,0.42455771565437317,-10.72821044921875
1350.6011962890625,61.54785919189453,4086.329833984375,0.5370736122131348,0.4225359559059143,-9.298110961914062
1351.020263671875,61.5590934753418,4084.68017578125,0.5473999977111816,0.4150978922843933,-8.136978149414062
1351.4102783203125,61.57014083862305,4083.018310546875,0.5606127381324768,0.40365731716156006,-7.192359924316406
1351.771728515625,61.58086395263672,4081.34423828125,0.5714609622955322,0.3910283148288727,-6.423805236816406
1352.10498046875,61.591224670410156,4079.65869140625,0.5760444402694702,0.3773542642593384,-5.800910949707031
1352.411865234375,61.6011848449707,4077.96142578125,0.5731214880943298,0.363980770111084,-5.298095703125
1352.69384765625,61.61075973510742,4076.25341796875,0.5624298453330994,0.3502930700778961,-4.8951263427734375
1352.95361328125,61.619964599609375,4074.534912109375,0.544131338596344,0.33882516622543335,-4.573158264160156
1353.1929931640625,61.62838363647461,4072.806884765625,0.5308641791343689,0.3009927570819855,-4.328300476074219
1353.4146728515625,61.63469696044922,4071.0693359375,0.503920316696167,0.17399905622005463,-4.16558837890625
1353.621337890625,61.6366081237793,4069.32275390625,0.49845555424690247,-0.028994152322411537,-4.0616912841796875
1353.81591796875,61.632957458496094,4067.567138671875,0.4773543179035187,-0.26535284519195557,-3.9882278442382812
1354.0001220703125,61.6217041015625,4065.802001953125,0.45409315824508667,-0.4690495431423187,-3.9176406860351562
1354.1751708984375,61.60521697998047,4064.02783203125,0.4200313091278076,-0.6048815250396729,-3.8451309204101562
1354.341552734375,61.58466720581055,4062.24365234375,0.3833395540714264,-0.6296067833900452,-3.7655029296875
1354.5,61.5628662109375,4060.449951171875,0.34610432386398315,-0.6238011717796326,-3.6984024047851562
1354.651123046875,61.54100036621094,4058.647705078125,0.31317585706710815,-0.6097104549407959,-3.6451416015625
1354.7962646484375,61.51956558227539,4056.836669921875,0.284820556640625,-0.5931062698364258,-3.6034622192382812
1354.936279296875,61.49864196777344,4055.01708984375,0.25469914078712463,-0.58196622133255,-3.57147216796875
1355.0716552734375,61.47813415527344,4053.18896484375,0.2260488122701645,-0.576775312423706,-3.5468215942382812
1355.203857421875,61.4578971862793,4051.35302734375,0.19930803775787354,-0.5727864503860474,-3.5274734497070312
1355.3331298828125,61.43780517578125,4049.50830078125,0.1707013100385666,-0.5713179707527161,-3.5122833251953125
1355.4600830078125,61.41780471801758,4047.6552734375,0.14742617309093475,-0.5687498450279236,-3.5001373291015625
1355.5850830078125,61.3978385925293,4045.794189453125,0.1242712065577507,-0.565887987613678,-3.490386962890625
1355.7083740234375,61.37793731689453,4043.925537109375,0.1052899956703186,-0.5630807876586914,-3.4825210571289062
1355.83056640625,61.35802459716797,4042.049072265625,0.08740734308958054,-0.562281608581543,-3.4761962890625
1355.951904296875,61.33810806274414,4040.164306640625,0.07305160909891129,-0.5623157620429993,-3.4710311889648438
1356.072265625,61.318084716796875,4038.2705078125,0.05507693439722061,-0.5631353855133057,-3.4668731689453125
1356.18701171875,61.29802703857422,4036.36962890625,0.08039938658475876,-0.562466025352478,-3.1817398071289062
1356.2890625,61.277923583984375,4034.461669921875,0.14108826220035553,-0.5614893436431885,-2.3439559936523438
1356.375732421875,61.25777816772461,4032.54638671875,0.20884235203266144,-0.5632925033569336,-1.0683746337890625
1356.4488525390625,61.23755645751953,4030.623046875,0.2422943264245987,-0.5620357394218445,0.2109375
1356.5084228515625,61.21725845336914,4028.69189453125,0.2623426020145416,-0.5605194568634033,1.23114013671875
1356.551025390625,61.196922302246094,4026.752685546875,0.29087597131729126,-0.5585318803787231,2.051666259765625
1356.5750732421875,61.17652130126953,4024.806884765625,0.32047852873802185,-0.55865478515625,2.7134628295898438
1356.5799560546875,61.15605163574219,4022.853759765625,0.3476216197013855,-0.5587708950042725,3.2485275268554688
1356.5657958984375,61.135520935058594,4020.894287109375,0.3680160939693451,-0.5585933327674866,3.680938720703125
1356.533203125,61.11491012573242,4018.927734375,0.37708476185798645,-0.5580810904502869,4.02984619140625
1356.4832763671875,61.0942268371582,4016.95458984375,0.37982892990112305,-0.5585318803787231,4.310432434082031
1356.41650390625,61.073486328125,4014.974853515625,0.37635043263435364,-0.5592353940010071,4.535530090332031
1356.3349609375,61.05263137817383,4012.98828125,0.3630272150039673,-0.5598159432411194,4.715789794921875
1356.2393798828125,61.03170394897461,4010.994873046875,0.34484389424324036,-0.5592968463897705,4.86004638671875
1356.1312255859375,61.01071548461914,4008.994873046875,0.32431602478027344,-0.5587367415428162,4.975135803222656
1356.0118408203125,60.98967742919922,4006.988037109375,0.3022348880767822,-0.557766854763031,5.06689453125
1355.88232421875,60.96858215332031,4004.973876953125,0.2803879380226135,-0.5582244992256165,5.13970947265625
1355.7437744140625,60.9473991394043,4002.953125,0.2590246796607971,-0.5585318803787231,5.197776794433594
1355.59716796875,60.9261360168457,4000.9248046875,0.2377813160419464,-0.5585933327674866,5.244171142578125
1355.283447265625,60.88361358642578,3996.84814453125,0.19590552151203156,-0.5420779585838318,5.312255859375
1355.283447265625,60.88361358642578,3996.84814453125,0.19590552151203156,-0.5420779585838318,5.312255859375
1355.117431640625,60.86416244506836,3994.797607421875,0.17676864564418793,-0.4317020773887634,5.3436126708984375
1354.9466552734375,60.84734344482422,3992.740966796875,0.15826180577278137,-0.35748526453971863,5.366416931152344
1354.7711181640625,60.83453369140625,3990.676513671875,0.14017240703105927,-0.2381618469953537,5.385963439941406
1354.5914306640625,60.82651138305664,3988.604248046875,0.12367060035467148,-0.004152754787355661,5.40606689453125
1354.408203125,60.824974060058594,3986.52587890625,0.10808819532394409,0.0831507220864296,5.417030334472656
1354.2218017578125,60.8297233581543,3984.43994140625,0.09390377998352051,0.28630784153938293,5.4285888671875
1354.032958984375,60.84017562866211,3982.34716796875,0.08058872818946838,0.46023860573768616,5.43719482421875
1353.8414306640625,60.857112884521484,3980.248046875,0.06784353405237198,0.5657786726951599,5.442352294921875
1353.6478271484375,60.87961959838867,3978.14111328125,0.05675450712442398,0.7998424172401428,5.448722839355469
1353.4522705078125,60.90851974487305,3976.028564453125,0.04652954638004303,0.8850558400154114,5.451690673828125
1353.255126953125,60.942039489746094,3973.9091796875,0.0375414676964283,0.978028416633606,5.4542236328125
1353.056396484375,60.97853469848633,3971.78369140625,0.030156411230564117,1.0621968507766724,5.456199645996094
1352.8563232421875,61.01751708984375,3969.65185546875,0.02390720695257187,1.0688289403915405,5.457084655761719
1352.6551513671875,61.05694580078125,3967.5126953125,0.018720142543315887,1.0568692684173584,5.457679748535156
1352.4527587890625,61.0960578918457,3965.36767578125,0.015354946255683899,1.0438714027404785,5.458229064941406
1352.2491455078125,61.13472366333008,3963.215576171875,0.026661161333322525,1.0379427671432495,5.458839416503906
1352.0423583984375,61.17584228515625,3961.055908203125,0.36554473638534546,1.1982200145721436,5.460380554199219
1351.8387451171875,61.21242904663086,3958.892822265625,0.19654539227485657,0.8649409413337708,5.463523864746094
1351.635009765625,61.24276351928711,3956.723388671875,-0.09933475404977798,0.47435662150382996,5.4708404541015625
1351.4307861328125,61.258514404296875,3954.5458984375,-0.5635679364204407,0.3330399990081787,5.4776611328125
1351.224853515625,61.281044006347656,3952.3564453125,-1.0994569063186646,0.8765659332275391,5.502342224121094
1351.011474609375,61.3203239440918,3950.159912109375,-0.8697816133499146,1.7909574508666992,5.537406921386719
1350.796630859375,61.376953125,3947.966552734375,-0.4549255669116974,1.4357329607009888,5.541709899902344
1350.58154296875,61.42867660522461,3945.766357421875,-0.052276611328125,1.0951114892959595,5.5470123291015625
1350.367919921875,61.4714241027832,3943.5576171875,0.0303038377314806,1.008122205734253,5.550621032714844
1350.1539306640625,61.51146697998047,3941.341064453125,0.03740419074892998,1.0505307912826538,5.553741455078125
1349.938720703125,61.55703353881836,3939.115966796875,0.023966925218701363,1.4464222192764282,5.55718994140625
1349.7227783203125,61.61604309082031,3936.883544921875,0.011884042993187904,1.9190713167190552,5.560188293457031
1349.5062255859375,61.68744659423828,3934.648681640625,0.004931014031171799,1.9375606775283813,5.5615234375
1349.2890625,61.76089096069336,3932.40869140625,0.0005362311494536698,1.8343018293380737,5.562355041503906
1349.0709228515625,61.83137893676758,3930.162353515625,-0.002227728720754385,1.7000408172607422,5.562896728515625
1348.8521728515625,61.89678955078125,3927.90966796875,-0.004455516114830971,1.53192937374115,5.563285827636719
1348.6328125,61.9561767578125,3925.64990234375,-0.006133987568318844,1.4132206439971924,5.56378173828125
1348.4124755859375,62.011375427246094,3923.383056640625,-0.007843023166060448,1.367192029953003,5.5643463134765625
1348.19140625,62.06455993652344,3921.109619140625,-0.009582573547959328,1.3601570129394531,5.564888000488281
1347.9696044921875,62.11719512939453,3918.82958984375,-0.011230509728193283,1.3620967864990234,5.565338134765625
1347.7471923828125,62.169891357421875,3916.54345703125,-0.012115339748561382,1.3654776811599731,5.565773010253906
1347.5240478515625,62.22287368774414,3914.25048828125,-0.012908844277262688,1.368551254272461,5.566139221191406
1347.3004150390625,62.27616500854492,3911.951416015625,-0.013702291995286942,1.3706344366073608,5.566436767578125
1347.076171875,62.329734802246094,3909.64990234375,-0.014312691055238247,1.3688244819641113,5.566642761230469
1346.6297607421875,62.43692398071289,3905.064208984375,-0.015136663801968098,1.344304084777832,5.566986083984375
1346.6297607421875,62.43692398071289,3905.064208984375,-0.015136663801968098,1.344304084777832,5.566986083984375
1346.4085693359375,62.49018478393555,3902.7939453125,-0.015502969734370708,1.32577383518219,5.567131042480469
1346.189208984375,62.543025970458984,3900.54345703125,-0.01538083516061306,1.306512713432312,5.567237854003906
1345.97216796875,62.595375061035156,3898.31591796875,-0.01577761583030224,1.288344383239746,5.567329406738281
1345.757568359375,62.64715576171875,3896.11328125,-0.01602170243859291,1.2719314098358154,5.567390441894531
1345.545654296875,62.698333740234375,3893.93701171875,-0.016052251681685448,1.2577861547470093,5.567420959472656
1345.336181640625,62.74885559082031,3891.78857421875,-0.01623535342514515,1.2455190420150757,5.5674285888671875
1345.1341552734375,62.7987174987793,3889.66748046875,-0.04260258376598358,1.2350894212722778,5.312408447265625
1344.9398193359375,62.84789276123047,3887.574951171875,-0.05187992751598358,1.2268658876419067,4.856170654296875
1344.7501220703125,62.89638137817383,3885.51171875,-0.04556277021765709,1.219407320022583,4.474151611328125
1344.5665283203125,62.94363784790039,3883.47705078125,-0.04483034089207649,1.183876633644104,4.149330139160156
1344.39013671875,62.989437103271484,3881.47119140625,-0.04812617227435112,1.1456549167633057,3.8651199340820312
1344.2215576171875,63.03363037109375,3879.493896484375,-0.05505369231104851,1.1345080137252808,3.60809326171875
1344.0609130859375,63.07680130004883,3877.545166015625,-0.06332392245531082,1.1306967735290527,3.37554931640625
1343.90869140625,63.11823272705078,3875.62548828125,-0.07159429043531418,1.0732958316802979,3.1710128784179688
1343.7647705078125,63.157737731933594,3873.734375,-0.07897956669330597,1.003088355064392,2.9825973510742188
1343.6285400390625,63.19487762451172,3871.8701171875,-0.0835571140050888,0.9851590991020203,2.7968673706054688
1343.5010986328125,63.23076629638672,3870.0341796875,-0.08657830208539963,0.9842302203178406,2.621337890625
1343.38134765625,63.2655143737793,3868.22607421875,-0.08969108015298843,0.9617247581481934,2.46173095703125
1343.2696533203125,63.29901885986328,3866.445556640625,-0.090911865234375,0.9105256199836731,2.3170089721679688
1343.1651611328125,63.33051300048828,3864.69189453125,-0.0918884426355362,0.8688409924507141,2.1794967651367188
1343.067626953125,63.3603401184082,3862.96435546875,-0.0957946926355362,0.8256878852844238,2.0511474609375
1342.9779052734375,63.387733459472656,3861.2626953125,-0.2353820502758026,0.7567302584648132,1.9345855712890625
1342.8935546875,63.413578033447266,3859.58642578125,-0.32049560546875,0.7133039236068726,1.8364334106445312
1342.814697265625,63.43870544433594,3857.934326171875,-0.3046875,0.8305509686470032,1.7169876098632812
1342.7410888671875,63.46402359008789,3856.306884765625,-0.221435546875,0.8161870837211609,1.6258621215820312
1342.6729736328125,63.48960494995117,3854.704345703125,-0.09188839793205261,0.7477349042892456,1.5451736450195312
1342.552734375,63.53596496582031,3851.568603515625,-0.04861457645893097,0.7005178332328796,1.3977127075195312
1342.552734375,63.53596496582031,3851.568603515625,-0.04861457645893097,0.7005178332328796,1.3977127075195312
1342.4993896484375,63.557621002197266,3850.0341796875,-0.046935975551605225,0.6894802451133728,1.33563232421875
1342.4498291015625,63.57735061645508,3848.522705078125,-0.044860854744911194,0.6034130454063416,1.2861862182617188
1342.404052734375,63.59561538696289,3847.03271484375,-0.04296872764825821,0.5035351514816284,1.2432174682617188
1342.3612060546875,63.60990524291992,3845.56298828125,-0.0516357347369194,0.38367220759391785,1.2059326171875
1342.3209228515625,63.62024688720703,3844.1142578125,-0.049468982964754105,0.17425177991390228,1.1774826049804688
1342.2830810546875,63.6270751953125,3842.6845703125,-0.0585021935403347,0.019759736955165863,1.1487808227539062
1342.247314453125,63.62758255004883,3841.273681640625,-0.0659484714269638,-0.1534470170736313,1.1239013671875
1342.21337890625,63.62491989135742,3839.881591796875,-0.0650634616613388,-0.3604700565338135,1.1033859252929688
1342.181396484375,63.61787796020508,3838.505859375,-0.0792541354894638,-0.48025789856910706,1.0820541381835938
1342.1463623046875,63.60572052001953,3837.1484375,-0.04946894943714142,-0.6569207310676575,1.300689697265625
1342.102294921875,63.5914192199707,3835.80859375,0.014401549473404884,-0.8444777131080627,2.0194625854492188
1342.047607421875,63.57316207885742,3834.48583984375,0.07986777275800705,-0.9262009263038635,3.1341552734375
1341.9793701171875,63.55216598510742,3833.179931640625,0.1584501415491104,-1.0105537176132202,4.5157470703125
1341.900146484375,63.5306282043457,3831.890869140625,0.20267342031002045,-1.0713833570480347,5.7763671875
1341.8109130859375,63.50890350341797,3830.616455078125,0.22742263972759247,-1.0137025117874146,6.7159423828125
1341.7093505859375,63.48765182495117,3829.357421875,0.25457242131233215,-0.9202244877815247,7.410835266113281
1341.5943603515625,63.4682502746582,3828.114501953125,0.2794041037559509,-0.8731986284255981,7.904914855957031
1341.467529296875,63.4504508972168,3826.88671875,0.2933558523654938,-0.8475649356842041,8.25958251953125
1341.3297119140625,63.43536376953125,3825.673095703125,0.29539939761161804,-0.7283576726913452,8.531013488769531
1341.1824951171875,63.42215347290039,3824.47314453125,0.2923385500907898,-0.567868709564209,8.733253479003906
1341.0279541015625,63.41109085083008,3823.287109375,0.27452731132507324,-0.458524227142334,8.871711730957031
1340.8673095703125,63.40266418457031,3822.114990234375,0.2564088702201843,-0.4356635808944702,8.960792541503906
1340.7021484375,63.395633697509766,3820.954833984375,0.23007771372795105,-0.4081106185913086,9.02557373046875
1340.533935546875,63.389774322509766,3819.806396484375,0.20614542067050934,-0.3437224328517914,9.075286865234375
1340.36328125,63.38439178466797,3818.669189453125,0.1815510094165802,-0.2729479968547821,9.11181640625
1340.191162109375,63.38016128540039,3817.54345703125,0.15611352026462555,-0.2477446049451828,9.135986328125
1340.018310546875,63.37657928466797,3816.427978515625,0.13515406847000122,-0.24609170854091644,9.152587890625
1339.8450927734375,63.37313461303711,3815.322509765625,0.11667007207870483,-0.2491106390953064,9.164527893066406
1339.671875,63.36962890625,3814.22607421875,0.10027571022510529,-0.2522525191307068,9.173225402832031
1339.4991455078125,63.36601257324219,3813.138671875,0.08579578995704651,-0.2544245421886444,9.179542541503906
1339.326904296875,63.36229705810547,3812.060302734375,0.07351062446832657,-0.2557632625102997,9.184120178222656
1339.1553955078125,63.35850143432617,3810.989990234375,0.06289491057395935,-0.2563779652118683,9.187355041503906
1338.984619140625,63.35464859008789,3809.927490234375,0.054158326238393784,-0.25635063648223877,9.189643859863281
1338.8203125,63.35076141357422,3808.87158203125,0.010873476043343544,-0.2563779652118683,8.917945861816406
1338.66796875,63.34685516357422,3807.82177734375,-0.0583190992474556,-0.2563779652118683,8.132820129394531
1338.5224609375,63.34292984008789,3806.7783203125,-0.0785827487707138,-0.25543540716171265,7.355186462402344
1338.3812255859375,63.33900833129883,3805.740478515625,-0.0761108323931694,-0.254151314496994,6.85943603515625
1338.2454833984375,63.33509063720703,3804.708740234375,-0.0777587741613388,-0.2526213526725769,6.542961120605469
1338.11572265625,63.3311767578125,3803.681396484375,-0.08160400390625,-0.25107091665267944,6.340980529785156
1337.9912109375,63.32727813720703,3802.65966796875,-0.08407590538263321,-0.24954095482826233,6.212371826171875
1337.8712158203125,63.323402404785156,3801.64208984375,-0.08334348350763321,-0.24801097810268402,6.130767822265625
1337.7550048828125,63.31953430175781,3800.62939453125,-0.0794067233800888,-0.24646052718162537,6.07916259765625
1337.641845703125,63.315677642822266,3799.62060546875,-0.0729065015912056,-0.24506033957004547,6.046630859375
1337.53076171875,63.31183624267578,3798.6162109375,-0.0648498609662056,-0.24353037774562836,6.026176452636719
1337.4219970703125,63.30801773071289,3797.615234375,-0.056488022208213806,-0.24190479516983032,6.0133819580078125
1337.314453125,63.30419921875,3796.617919921875,-0.0478820763528347,-0.24035434424877167,6.0053253173828125
1337.2078857421875,63.30039978027344,3795.6240234375,-0.0395507887005806,-0.23883120715618134,6.00030517578125
1337.1026611328125,63.29661560058594,3794.6328125,-0.0321350134909153,-0.23745834827423096,5.9971923828125
1336.997802734375,63.29283905029297,3793.644287109375,-0.025543222203850746,-0.23602400720119476,5.995269775390625
1336.8936767578125,63.289066314697266,3792.658447265625,-0.01995849795639515,-0.23452819883823395,5.99407958984375
1336.789794921875,63.28529739379883,3791.674560546875,-0.01513673085719347,-0.23297090828418732,5.99334716796875
1336.6866455078125,63.281551361083984,3790.692626953125,-0.01123047061264515,-0.23184393346309662,5.992897033691406
1336.583740234375,63.27783203125,3789.715576171875,-0.007965094409883022,-0.23358562588691711,5.99261474609375
1336.4818115234375,63.27416229248047,3788.74658203125,-0.005340586882084608,-0.238803893327713,5.992378234863281
1336.381103515625,63.27054977416992,3787.787841796875,-0.003326399251818657,-0.24588680267333984,5.9921875
1336.281494140625,63.2669792175293,3786.841064453125,-0.0015258817002177238,-0.2535024583339691,5.99200439453125
1336.18359375,63.263465881347656,3785.907958984375,-0.00030517386039718986,-0.26065367460250854,5.991889953613281
1336.0870361328125,63.25999069213867,3784.988037109375,0.0007820650935173035,-0.2668486535549164,5.991737365722656
1335.991943359375,63.25655746459961,3784.08203125,0.0016756695695221424,-0.2720259428024292,5.99163818359375
1335.8984375,63.25318145751953,3783.190185546875,0.0023442627862095833,-0.27606257796287537,5.99151611328125
1335.8062744140625,63.24985122680664,3782.3125,0.002941044745966792,-0.2790473699569702,5.991447448730469
1335.715576171875,63.2465705871582,3781.44873046875,0.0033574916888028383,-0.28131499886512756,5.991325378417969
1335.6263427734375,63.24333953857422,3780.598876953125,0.003599232994019985,-0.28292691707611084,5.99127197265625
1335.53857421875,63.24015426635742,3779.7626953125,0.0038095845375210047,-0.2839992642402649,5.9912109375
1335.4522705078125,63.23701858520508,3778.940185546875,0.0038743391633033752,-0.2845729887485504,5.991142272949219
1335.367431640625,63.23392868041992,3778.131591796875,0.004015626851469278,-0.2847574055194855,5.991111755371094
1335.283935546875,63.23089599609375,3777.3359375,0.004131661262363195,-0.28473007678985596,5.991081237792969
1335.201904296875,63.227909088134766,3776.5537109375,0.004191226325929165,-0.28448420763015747,5.991020202636719
1335.12109375,63.224979400634766,3775.783935546875,0.004105540923774242,-0.2839992642402649,5.990959167480469
1335.041748046875,63.222084045410156,3775.027099609375,0.004213651176542044,-0.28343918919563293,5.990936279296875
1334.963623046875,63.219242095947266,3774.28271484375,0.004251910839229822,-0.28271517157554626,5.990875244140625
1334.88671875,63.21613693237305,3773.55078125,0.005363732576370239,-0.30011165142059326,5.990821838378906
1334.811279296875,63.212440490722656,3772.8310546875,0.00688670389354229,-0.3463452160358429,5.990753173828125
1334.7371826171875,63.20820617675781,3772.123291015625,0.007794490084052086,-0.41488614678382874,5.99066162109375
1334.6640625,63.20343780517578,3771.427490234375,0.011001436971127987,-0.5070800185203552,5.990531921386719
1334.5921630859375,63.197303771972656,3770.742919921875,0.012417206540703773,-0.6409927010536194,5.990379333496094
1334.521484375,63.19058609008789,3770.069580078125,0.01117921993136406,-0.7250382304191589,5.990272521972656
1334.4520263671875,63.18364715576172,3769.40673828125,0.011754877865314484,-0.7684372067451477,5.99017333984375
1334.383544921875,63.17670822143555,3768.7548828125,0.01234525814652443,-0.7852463126182556,5.990142822265625
1334.316162109375,63.16886520385742,3768.113037109375,0.014609739184379578,-0.7481652498245239,5.990104675292969
1334.2501220703125,63.16073989868164,3767.4814453125,0.013522164896130562,-0.6988239288330078,5.989982604980469
1334.184814453125,63.15325164794922,3766.85986328125,0.012988605536520481,-0.6723911166191101,5.989967346191406
1334.12060546875,63.146244049072266,3766.248779296875,0.012560984119772911,-0.6575286388397217,5.989898681640625
1334.0576171875,63.13970184326172,3765.646484375,0.009104453027248383,-0.6493187546730042,5.989967346191406
1333.9952392578125,63.13542938232422,3765.053466796875,0.0022867971565574408,-0.5303027033805847,5.989738464355469
1333.8734130859375,63.13420867919922,3763.891357421875,-0.007080078590661287,-0.01770384982228279,5.987297058105469
1333.8734130859375,63.13420867919922,3763.891357421875,-0.007080078590661287,-0.01770384982228279,5.987297058105469
1333.813720703125,63.13629150390625,3763.3232421875,-0.009674057364463806,0.31675001978874207,5.996612548828125
1333.7547607421875,63.139671325683594,3762.762939453125,-0.011352509260177612,0.698017954826355,5.98638916015625
1333.6971435546875,63.14456558227539,3762.211181640625,-0.02124020643532276,0.9481667876243591,6.001350402832031
1333.6400146484375,63.15210723876953,3761.66748046875,-0.02081299014389515,1.1484484672546387,5.98675537109375
1333.583984375,63.1620979309082,3761.13232421875,-0.03021237626671791,1.2276649475097656,6.0026397705078125
1333.528564453125,63.17402648925781,3760.605224609375,-0.028533946722745895,1.3046616315841675,5.987876892089844
1333.4781494140625,63.185062408447266,3760.08544921875,-0.05416867136955261,1.2347341775894165,5.791130065917969
1333.4376220703125,63.19629669189453,3759.57275390625,-0.0906677320599556,1.1822510957717896,5.143867492675781
1333.4058837890625,63.20746612548828,3759.066162109375,-0.10455325245857239,1.1715549230575562,4.33056640625
1333.4058837890625,63.20746612548828,3759.066162109375,-0.10455325245857239,1.1715549230575562,4.33056640625
1333.365966796875,63.22806930541992,3758.07275390625,-0.10000612586736679,1.0283669233322144,2.48272705078125
1333.358154296875,63.237953186035156,3757.585205078125,-0.10552974790334702,0.9051980972290039,1.51458740234375
1333.358154296875,63.244842529296875,3757.102294921875,-0.10339346528053284,0.8688614964485168,0.5656967163085938
1333.3699951171875,63.25175094604492,3756.62646484375,-0.1087646409869194,0.8077859282493591,-0.6038284301757812
1333.3897705078125,63.25982666015625,3756.156982421875,-0.06329349428415298,0.7452077269554138,-1.6461868286132812
1333.4075927734375,63.26667404174805,3755.6923828125,-0.05233761668205261,0.6627947092056274,-2.1857986450195312
1333.4254150390625,63.272132873535156,3755.232421875,-0.00573730980977416,0.609819769859314,-2.4081802368164062
1333.444091796875,63.2772216796875,3754.7763671875,0.0176247488707304,0.5836328268051147,-2.5396881103515625
1333.463623046875,63.2816162109375,3754.324951171875,0.009633228182792664,0.5524393320083618,-2.56976318359375
1333.4827880859375,63.285316467285156,3753.8779296875,0.01773211732506752,0.5020871758460999,-2.61376953125
1333.502197265625,63.288787841796875,3753.4345703125,0.02796790562570095,0.44444721937179565,-2.6008529663085938
1333.5223388671875,63.293060302734375,3752.99560546875,0.018221523612737656,0.35083264112472534,-2.6277236938476562
1333.5418701171875,63.29560852050781,3752.5595703125,0.016506902873516083,0.33616140484809875,-2.6080245971679688
1333.561279296875,63.298500061035156,3752.12646484375,0.032754216343164444,0.29868414998054504,-2.6303176879882812
1333.561279296875,63.298500061035156,3752.12646484375,0.032754216343164444,0.29868414998054504,-2.6303176879882812
1333.6009521484375,63.30354309082031,3751.27001953125,-0.067474365234375,0.21310871839523315,-2.62811279296875
1333.619873046875,63.30144500732422,3750.845947265625,-0.07110595703125,-0.0007035094313323498,-2.611663818359375
1333.6383056640625,63.30016326904297,3750.423583984375,0.040335334837436676,-0.09942705929279327,-2.6355056762695312
1333.6578369140625,63.30207443237305,3750.00341796875,0.0683770552277565,-0.04162317141890526,-2.6149368286132812
1333.677490234375,63.30434036254883,3749.58544921875,0.0164476428180933,-0.018885472789406776,-2.641845703125
1333.6966552734375,63.3053092956543,3749.169677734375,-0.028747551143169403,-0.07608146965503693,-2.6206741333007812
1333.715576171875,63.303802490234375,3748.755615234375,-0.0828857347369194,-0.256070613861084,-2.6431884765625
1333.75390625,63.2913818359375,3747.929931640625,-0.19131465256214142,-0.5362244844436646,-2.6410598754882812
1333.75390625,63.2913818359375,3747.929931640625,-0.19131465256214142,-0.5362244844436646,-2.6410598754882812
1333.772216796875,63.28273391723633,3747.517822265625,-0.11154168844223022,-0.6509989500045776,-2.6114349365234375
1333.7904052734375,63.27820587158203,3747.1083984375,-0.07662960141897202,-0.9397861957550049,-2.6326675415039062
1333.8094482421875,63.2746696472168,3746.69970703125,-0.11099237948656082,-1.242063045501709,-2.6065216064453125
1333.828125,63.26975631713867,3746.289794921875,-0.10983271896839142,-1.4380757808685303,-2.626068115234375
1333.84716796875,63.2629508972168,3745.879638671875,-0.1404113471508026,-1.4933115243911743,-2.6029739379882812
1333.86181640625,63.25510787963867,3745.468017578125,-0.09582524746656418,-1.4040204286575317,-2.4137191772460938
1333.8685302734375,63.24749755859375,3745.055908203125,-0.03301987424492836,-1.2461475133895874,-1.826446533203125
1333.8687744140625,63.240516662597656,3744.6435546875,0.019595248624682426,-1.048030972480774,-1.128265380859375
1333.86328125,63.23435974121094,3744.231201171875,0.05510977655649185,-0.8161324262619019,-0.317047119140625
1333.8515625,63.22935104370117,3743.818115234375,0.08904867619276047,-0.5225162506103516,0.47927093505859375
1333.834228515625,63.22571563720703,3743.404296875,0.11847434937953949,-0.1992161124944687,1.33349609375
1333.834228515625,63.22571563720703,3743.404296875,0.11847434937953949,-0.1992161124944687,1.33349609375
1333.777099609375,63.224090576171875,3742.575439453125,0.16815359890460968,0.40311774611473083,3.2017745971679688
1333.72998046875,63.226688385009766,3742.1640625,0.1978980451822281,0.6605817079544067,4.546409606933594
1333.6712646484375,63.23059844970703,3741.75439453125,0.19980552792549133,0.8855271339416504,6.0843353271484375
1333.6004638671875,63.23590850830078,3741.34521484375,0.18137702345848083,1.0963135957717896,7.6494140625
1333.51806640625,63.243656158447266,3740.93798828125,0.13201308250427246,1.3062530755996704,9.292938232421875
1333.4234619140625,63.25425720214844,3740.531982421875,0.06647859513759613,1.5378237962722778,10.912612915039062
1333.3248291015625,63.266624450683594,3740.12548828125,-0.040832459926605225,1.7618062496185303,12.177993774414062
1333.2296142578125,63.281028747558594,3739.715576171875,-0.1918638050556183,2.0164151191711426,12.690223693847656
1333.134521484375,63.29619598388672,3739.3046875,-0.2054443508386612,2.208186388015747,12.944351196289062
1333.0386962890625,63.3104248046875,3738.891357421875,-0.21801769733428955,2.3375637531280518,13.026786804199219
1332.942626953125,63.32362747192383,3738.4765625,-0.18243412673473358,2.3924784660339355,13.095672607421875
1332.845703125,63.33589553833008,3738.0595703125,-0.19146740436553955,2.304396390914917,13.093940734863281
1332.748779296875,63.34932327270508,3737.640869140625,-0.2558899223804474,2.1328766345977783,13.120712280273438
1332.6502685546875,63.3648567199707,3737.218994140625,-0.2996824085712433,2.000152587890625,13.099594116210938
1332.5513916015625,63.38277816772461,3736.795166015625,-0.3378906548023224,1.8416852951049805,13.119247436523438
1332.3505859375,63.42023468017578,3735.936279296875,-0.3515319526195526,1.7933411598205566,13.117965698242188
1332.3505859375,63.42023468017578,3735.936279296875,-0.3515319526195526,1.7933411598205566,13.117965698242188
1332.248291015625,63.43743133544922,3735.50048828125,-0.2696838676929474,1.8904801607131958,13.101669311523438
1332.1456298828125,63.45149612426758,3735.060302734375,-0.24414046108722687,2.0469939708709717,13.122200012207031
1332.0419921875,63.464935302734375,3734.615478515625,-0.2738342881202698,2.186889886856079,13.1041259765625
1331.9376220703125,63.47970199584961,3734.16796875,-0.2702024281024933,2.2448508739471436,13.124900817871094
1331.836181640625,63.49437713623047,3733.715576171875,-0.2761231064796448,2.224660873413086,12.892433166503906
1331.742919921875,63.51028823852539,3733.25830078125,-0.33221435546875,2.112741231918335,12.314445495605469
1331.65576171875,63.52753829956055,3732.7958984375,-0.32546985149383545,1.9548547267913818,11.509864807128906
1331.5748291015625,63.54413604736328,3732.326904296875,-0.30422964692115784,1.8396430015563965,10.647285461425781
1331.500244140625,63.560394287109375,3731.85107421875,-0.2960204482078552,1.750495433807373,9.705757141113281
1331.4263916015625,63.57724380493164,3731.36962890625,-0.26922619342803955,1.7041115760803223,9.098518371582031
1331.349853515625,63.59467697143555,3730.8818359375,-0.2147826999425888,1.7756714820861816,8.814285278320312
1331.27294921875,63.61289596557617,3730.3876953125,-0.21224965155124664,1.9622858762741089,8.714775085449219
1331.195556640625,63.632694244384766,3729.8876953125,-0.19570928812026978,2.217864751815796,8.650321960449219
1331.117919921875,63.65278625488281,3729.3818359375,-0.17840580642223358,2.459810495376587,8.645217895507812
1331.03955078125,63.67287063598633,3728.869384765625,-0.17697125673294067,2.6804187297821045,8.6231689453125
1330.960693359375,63.69401550292969,3728.350830078125,-0.18728631734848022,2.8493430614471436,8.634437561035156
1330.8807373046875,63.717254638671875,3727.826171875,-0.19064325094223022,2.9415504932403564,8.620132446289062
1330.8001708984375,63.74273681640625,3727.295654296875,-0.19427496194839478,2.9117300510406494,8.632209777832031
1330.7183837890625,63.76955795288086,3726.759033203125,-0.18817149102687836,2.8084166049957275,8.619941711425781
1330.6356201171875,63.796142578125,3726.2138671875,-0.18267811834812164,2.7256345748901367,8.629150390625
1330.551513671875,63.82261657714844,3725.661376953125,-0.1797179877758026,2.656362771987915,8.619911193847656
1330.466552734375,63.84920883178711,3725.10107421875,-0.17807021737098694,2.5924322605133057,8.627212524414062
1330.380126953125,63.87577819824219,3724.532470703125,-0.17169171571731567,2.5422987937927246,8.62066650390625
1330.2923583984375,63.9017448425293,3723.954345703125,-0.16796866059303284,2.530571222305298,8.625518798828125
1330.2032470703125,63.92763900756836,3723.368408203125,-0.1668700873851776,2.530864953994751,8.621635437011719
1330.1129150390625,63.95374298095703,3722.773681640625,-0.16671746969223022,2.5335493087768555,8.624755859375
1330.021240234375,63.98019790649414,3722.170654296875,-0.16677860915660858,2.5363564491271973,8.622467041015625
1329.92822265625,64.0070571899414,3721.558349609375,-0.16644276678562164,2.5389657020568848,8.624107360839844
1329.833984375,64.03431701660156,3720.9375,-0.16674815118312836,2.541212797164917,8.623138427734375
1329.7384033203125,64.06201171875,3720.307373046875,-0.1664733737707138,2.542797327041626,8.623725891113281
1329.6412353515625,64.09013366699219,3719.66845703125,-0.16607652604579926,2.5437536239624023,8.623435974121094
1329.5479736328125,64.11865234375,3719.01953125,-0.18905650079250336,2.5452356338500977,8.355880737304688
1329.46435546875,64.14756774902344,3718.36181640625,-0.21200567483901978,2.547161817550659,7.615669250488281
1329.3834228515625,64.17671966552734,3717.69482421875,-0.18093852698802948,2.539552927017212,6.973136901855469
1329.30126953125,64.20589447021484,3717.0185546875,-0.14483653008937836,2.5136187076568604,6.6480712890625
1329.2198486328125,64.23529815673828,3716.333251953125,-0.1236266940832138,2.483067274093628,6.483894348144531
1329.138916015625,64.26504516601562,3715.637939453125,-0.11218251287937164,2.4516005516052246,6.400276184082031
1329.05810546875,64.29511260986328,3714.93359375,-0.10372951626777649,2.4232964515686035,6.357185363769531
1328.9771728515625,64.32506561279297,3714.22021484375,-0.09747322648763657,2.4159128665924072,6.334373474121094
1328.895751953125,64.35515594482422,3713.497314453125,-0.0917358323931694,2.416684627532959,6.32232666015625
1328.8138427734375,64.38542175292969,3712.765625,-0.08450327813625336,2.4100115299224854,6.315971374511719
1328.731201171875,64.41520690917969,3712.024658203125,-0.07797245681285858,2.3597960472106934,6.312652587890625
1328.64794921875,64.44488525390625,3711.274658203125,-0.07403564453125,2.294123888015747,6.310752868652344
1328.5638427734375,64.47476196289062,3710.515869140625,-0.07037360221147537,2.224968194961548,6.309700012207031
1328.478759765625,64.5047607421875,3709.747802734375,-0.06585697829723358,2.165436267852783,6.309089660644531
1328.3978271484375,64.53402709960938,3708.969970703125,-0.08734127879142761,2.151557207107544,6.03631591796875
1328.3275146484375,64.5631103515625,3708.183349609375,-0.11483761668205261,2.1531214714050293,5.267982482910156
1328.2138671875,64.62115478515625,3706.58203125,-0.08712770789861679,2.118027925491333,3.3191452026367188
1328.2138671875,64.62115478515625,3706.58203125,-0.08712770789861679,2.118027925491333,3.3191452026367188
1328.162109375,64.65031433105469,3705.76806640625,-0.04803456366062164,2.0842320919036865,2.8218307495117188
1328.1141357421875,64.67977905273438,3704.9443359375,-0.024566715583205223,2.0490362644195557,2.5400238037109375
1328.06982421875,64.70914459228516,3704.11083984375,-0.01174935419112444,2.0343170166015625,2.3771591186523438
1328.028564453125,64.73844909667969,3703.268310546875,-0.0010986452689394355,2.034351348876953,2.282623291015625
1327.9898681640625,64.76795959472656,3702.416748046875,0.008957904763519764,2.0371310710906982,2.227783203125
1327.9525146484375,64.79779815673828,3701.555908203125,0.019908322021365166,2.040484666824341,2.1959075927734375
1327.9163818359375,64.8280029296875,3700.685791015625,0.030426379293203354,2.0429368019104004,2.1772537231445312
1327.881103515625,64.85855102539062,3699.806884765625,0.04072137549519539,2.0448081493377686,2.16632080078125
1327.8460693359375,64.88945770263672,3698.9189453125,0.04982481896877289,2.0464680194854736,2.1597900390625
1327.8115234375,64.92070770263672,3698.022216796875,0.057765714824199677,2.0465705394744873,2.1559219360351562
1327.777099609375,64.95203399658203,3697.1162109375,0.06310111284255981,2.0319266319274902,2.1536941528320312
1327.742431640625,64.98345947265625,3696.201904296875,0.06873106211423874,2.0100221633911133,2.1524658203125
1327.7071533203125,65.01512908935547,3695.278564453125,0.07355990260839462,1.9865399599075317,2.1517333984375
1327.6719970703125,65.04684448242188,3694.345947265625,0.07688941061496735,1.9733234643936157,2.1512603759765625
1327.6368408203125,65.07854461669922,3693.404296875,0.07993153482675552,1.9719096422195435,2.1510009765625
1327.6009521484375,65.11045837402344,3692.454345703125,0.08223088085651398,1.9728385210037231,2.15087890625
1327.56494140625,65.14265441894531,3691.494873046875,0.0841532051563263,1.9746007919311523,2.1507797241210938
1327.5286865234375,65.1751708984375,3690.52685546875,0.08594392985105515,1.975420355796814,2.1507339477539062
1327.491943359375,65.20779418945312,3689.55029296875,0.08518525213003159,1.963365077972412,2.1507492065429688
1327.455322265625,65.2400894165039,3688.564697265625,0.08419164270162582,1.921004295349121,2.1508407592773438
1327.417724609375,65.27238464355469,3687.570556640625,0.08470851182937622,1.8707135915756226,2.1509857177734375
1327.3802490234375,65.30460357666016,3686.567626953125,0.08332574367523193,1.8312009572982788,2.1511993408203125
1327.34228515625,65.3363037109375,3685.5556640625,0.08314492553472519,1.8232096433639526,2.151336669921875
1327.3040771484375,65.36797332763672,3684.534912109375,0.08348836749792099,1.8243297338485718,2.1514511108398438
1327.265625,65.39986419677734,3683.505126953125,0.08375638723373413,1.827027678489685,2.15155029296875
1327.2265625,65.43203735351562,3682.466796875,0.08419894427061081,1.8296505212783813,2.1516036987304688
1327.1875,65.46440887451172,3681.419921875,0.08281321823596954,1.8232437372207642,2.1517333984375
1327.1478271484375,65.49674987792969,3680.3642578125,0.08257779479026794,1.801291584968567,2.15185546875
1327.10791015625,65.52925872802734,3679.30029296875,0.0826745256781578,1.7751729488372803,2.1520156860351562
1327.10791015625,65.52925872802734,3679.30029296875,0.0826745256781578,1.7751729488372803,2.1520156860351562
1327.027099609375,65.59413146972656,3677.14501953125,0.08120502531528473,1.758322834968567,2.152252197265625
1326.986572265625,65.62670135498047,3676.05419921875,0.08073271811008453,1.7594976425170898,2.15234375
1326.945068359375,65.65950775146484,3674.954833984375,0.08115773648023605,1.761034369468689,2.1524124145507812
1326.9036865234375,65.69287109375,3673.8466796875,0.08529386669397354,1.7779937982559204,2.1524200439453125
1326.86181640625,65.72767639160156,3672.730224609375,0.08770815283060074,1.8516504764556885,2.15228271484375
1326.86181640625,65.72767639160156,3672.730224609375,0.08770815283060074,1.8516504764556885,2.15228271484375
1326.777099609375,65.80045318603516,3670.47119140625,0.09172262996435165,2.0004870891571045,2.1518630981445312
1326.734130859375,65.83912658691406,3669.3291015625,0.09320572018623352,2.0105481147766113,2.1517868041992188
1326.69140625,65.87822723388672,3668.178955078125,0.09055524319410324,1.9910956621170044,2.1518936157226562
1326.64794921875,65.91658782958984,3667.0205078125,0.07716641575098038,1.9103286266326904,2.1522140502929688
1326.5604248046875,65.9896240234375,3664.679931640625,0.06997139751911163,1.6455837488174438,2.1507568359375
1326.5604248046875,65.9896240234375,3664.679931640625,0.06997139751911163,1.6455837488174438,2.1507568359375
1326.4715576171875,66.04884338378906,3662.3056640625,0.06654467433691025,1.2377463579177856,2.1512374877929688
1326.4715576171875,66.04884338378906,3662.3056640625,0.06654467433691025,1.2377463579177856,2.1512374877929688
1326.426513671875,66.07756805419922,3661.103759765625,0.06272297352552414,1.2751142978668213,2.15277099609375
1326.381103515625,66.10491180419922,3659.892822265625,0.0710349977016449,1.481734275817871,2.1536788940429688
1326.3355712890625,66.13654327392578,3658.67236328125,0.09468112140893936,1.7246568202972412,2.1538925170898438
1326.2891845703125,66.17587280273438,3657.442626953125,0.12244251370429993,2.171398878097534,2.1533889770507812
1326.2384033203125,66.22795104980469,3656.20556640625,0.12739133834838867,2.9107258319854736,2.3867263793945312
1326.1827392578125,66.27595520019531,3654.967529296875,0.10587122291326523,2.771451473236084,2.7888870239257812
1326.1226806640625,66.32661437988281,3653.727783203125,0.11969496309757233,1.7973642349243164,3.1913909912109375
1325.996826171875,66.39493560791016,3651.2138671875,0.06820017099380493,0.8704187870025635,3.8382186889648438
1325.996826171875,66.39493560791016,3651.2138671875,0.06820017099380493,0.8704187870025635,3.8382186889648438
1325.9276123046875,66.4144058227539,3649.941162109375,0.0672847256064415,0.826657772064209,4.084983825683594
1325.852783203125,66.43000030517578,3648.66064453125,0.07331325113773346,0.7226271629333496,4.257560729980469
1325.77294921875,66.44129180908203,3647.372314453125,0.07518444955348969,0.42313703894615173,4.363883972167969
1325.6883544921875,66.44670104980469,3646.076171875,0.07860257476568222,0.05612366273999214,4.437187194824219
1325.599853515625,66.44881439208984,3644.769287109375,0.08629857748746872,-0.08388838171958923,4.501609802246094
1325.5068359375,66.45464324951172,3643.4501953125,0.07800038158893585,0.3962807357311249,4.562774658203125
1325.41064453125,66.4590835571289,3642.123046875,0.08102913200855255,0.9362276196479797,4.606842041015625
1325.310791015625,66.48357391357422,3640.789306640625,0.07469534873962402,1.2408472299575806,4.636627197265625
1325.208740234375,66.5051040649414,3639.44921875,0.06432745605707169,1.369985580444336,4.655052185058594
1325.1044921875,66.53070831298828,3638.105224609375,0.059350352734327316,0.9126771688461304,4.654304504394531
1324.99853515625,66.55218505859375,3636.751708984375,0.050572287291288376,0.5219971537590027,4.657012939453125
1324.890869140625,66.56527709960938,3635.387939453125,0.04314742982387543,0.39503762125968933,4.665313720703125
1324.78173828125,66.5742416381836,3634.014892578125,0.03679827228188515,0.334235280752182,4.672645568847656
1324.6710205078125,66.58183288574219,3632.633056640625,0.032081715762615204,0.33383914828300476,4.678672790527344
1324.55908203125,66.59014129638672,3631.24169921875,0.02782023325562477,0.439768522977829,4.6839599609375
1324.446044921875,66.59943389892578,3629.842529296875,0.02412252128124237,0.5588597059249878,4.6878662109375
1324.326416015625,66.61174774169922,3628.435791015625,0.05593228340148926,0.6221072673797607,4.9883575439453125
1324.1927490234375,66.62712097167969,3627.02294921875,0.1094902902841568,0.7407612800598145,5.8677825927734375
1324.05029296875,66.64437103271484,3625.60302734375,0.11366032809019089,0.859804630279541,6.783302307128906
1323.900390625,66.66442108154297,3624.175537109375,0.10208981484174728,0.8921797275543213,7.427864074707031
1323.7412109375,66.68574523925781,3622.741455078125,0.1000000610947609,0.8934228420257568,7.8902587890625
1323.572509765625,66.70744323730469,3621.300537109375,0.1027040109038353,0.888027012348175,8.226837158203125
1323.3939208984375,66.72920989990234,3619.8525390625,0.10592558234930038,0.8823647499084473,8.473442077636719
1323.2059326171875,66.75090026855469,3618.397705078125,0.10704826563596725,0.8768391609191895,8.654441833496094
1323.009765625,66.77239227294922,3616.934814453125,0.10494817048311234,0.8646745681762695,8.786712646484375
1322.8060302734375,66.79374694824219,3615.4658203125,0.09906885772943497,0.8510210514068604,8.883872985839844
1322.5955810546875,66.81486511230469,3613.9892578125,0.09074825048446655,0.8449968099594116,8.95623779296875
1322.3790283203125,66.83584594726562,3612.5048828125,0.0811486691236496,0.8399219512939453,9.009788513183594
1322.1575927734375,66.85652923583984,3611.013671875,0.07006863504648209,0.8200461268424988,9.048416137695312
1321.931640625,66.87700653076172,3609.517333984375,0.05819263309240341,0.7953891158103943,9.076332092285156
1321.703369140625,66.89702606201172,3608.0234375,0.04635758697986603,0.7794542908668518,9.096992492675781
1321.473876953125,66.91666412353516,3606.537841796875,0.0355013906955719,0.7581509351730347,9.1129150390625
1321.2445068359375,66.93579864501953,3605.064697265625,0.024568509310483932,0.7212406396865845,9.125724792480469
1321.01611328125,66.95446014404297,3603.606689453125,0.014415509067475796,0.6865500807762146,9.137062072753906
1320.7890625,66.97249603271484,3602.166259765625,0.005573251284658909,0.6671113967895508,9.147659301757812
1320.5640869140625,66.99004364013672,3600.743896484375,-0.0016174172051250935,0.6469554901123047,9.15716552734375
1320.3414306640625,67.00704956054688,3599.341552734375,-0.008544954471290112,0.6166635751724243,9.165534973144531
1320.1212158203125,67.02357482910156,3597.958984375,-0.014038092456758022,0.5908796191215515,9.173065185546875
1319.903564453125,67.03949737548828,3596.59716796875,-0.01913447119295597,0.5799035429954529,9.179946899414062
1319.688720703125,67.05501556396484,3595.256103515625,-0.023071259260177612,0.5719941854476929,9.185966491699219
1319.4766845703125,67.07014465332031,3593.935302734375,-0.0269165001809597,0.5598227381706238,9.191131591796875
1319.267578125,67.0849609375,3592.635009765625,-0.029907219111919403,0.5482182502746582,9.1954345703125
1319.0616455078125,67.09939575195312,3591.35498046875,-0.03256223350763321,0.5440313816070557,9.199150085449219
1318.8583984375,67.11355590820312,3590.09423828125,-0.034973129630088806,0.54325270652771,9.202232360839844
1318.6580810546875,67.12749481201172,3588.853271484375,-0.037445053458213806,0.5435873866081238,9.20477294921875
1318.460693359375,67.1412353515625,3587.6318359375,-0.039184536784887314,0.5441542863845825,9.20684814453125
1318.266357421875,67.15477752685547,3586.429931640625,-0.0408020056784153,0.5445846319198608,9.208503723144531
1318.074951171875,67.16812896728516,3585.2470703125,-0.04223630949854851,0.5450695753097534,9.209823608398438
1317.891357421875,67.1812744140625,3584.082763671875,-0.0742492750287056,0.545759379863739,8.947433471679688
1317.7220458984375,67.19422912597656,3582.936279296875,-0.12466428428888321,0.5464355945587158,8.18170166015625
1317.5672607421875,67.20698547363281,3581.80712890625,-0.1681823432445526,0.5476923584938049,7.0572509765625
1317.43017578125,67.21953582763672,3580.695556640625,-0.2063598930835724,0.5489764213562012,5.687843322753906
1317.3125,67.23188018798828,3579.60107421875,-0.2428893893957138,0.5501717329025269,4.1541748046875
1317.210693359375,67.2440185546875,3578.5234375,-0.2417297512292862,0.5513260364532471,2.842254638671875
1317.122802734375,67.2559585571289,3577.462646484375,-0.2295837551355362,0.5524324774742126,1.9386825561523438
1317.04931640625,67.26769256591797,3576.4189453125,-0.2250671535730362,0.5535321831703186,1.311279296875
1316.989990234375,67.27923583984375,3575.39208984375,-0.22290030121803284,0.5546249747276306,0.8747482299804688
1316.9432373046875,67.29058074951172,3574.381591796875,-0.2171935737133026,0.5555948615074158,0.57122802734375
1316.9068603515625,67.3017349243164,3573.3876953125,-0.2055664211511612,0.5565442442893982,0.3604736328125
1316.87939453125,67.31269073486328,3572.41064453125,-0.1883544623851776,0.5573707222938538,0.21436309814453125
1316.8590087890625,67.32344818115234,3571.44970703125,-0.1672973930835724,0.5581972002983093,0.113067626953125
1316.8443603515625,67.33403778076172,3570.50439453125,-0.1434631645679474,0.5592695474624634,0.04285430908203125
1316.833740234375,67.34444427490234,3569.57470703125,-0.1182556226849556,0.560430645942688,-0.005767822265625
1316.8314208984375,67.35466766357422,3568.660888671875,-0.12442014366388321,0.560977041721344,-0.2960052490234375
1316.84228515625,67.36469268798828,3567.763671875,-0.14898677170276642,0.5605262517929077,-1.0544281005859375
1316.8663330078125,67.37452697753906,3566.88232421875,-0.16607666015625,0.5598500967025757,-2.117889404296875
1316.904052734375,67.38417053222656,3566.017333984375,-0.1774902194738388,0.5588528513908386,-3.3668975830078125
1316.956787109375,67.39360809326172,3565.16845703125,-0.18634027242660522,0.5575004816055298,-4.7241058349609375
1317.0257568359375,67.40286254882812,3564.3359375,-0.19451898336410522,0.5557519793510437,-6.140693664550781
1317.111572265625,67.41190338134766,3563.51953125,-0.201812744140625,0.553593635559082,-7.586097717285156
1317.2181396484375,67.42073059082031,3562.7216796875,-0.2303466796875,0.5494067072868347,-9.239265441894531
1317.3494873046875,67.42931365966797,3561.94482421875,-0.2704467177391052,0.5429385304450989,-11.265953063964844
1317.68701171875,67.4456558227539,3560.455810546875,-0.31585684418678284,0.5263957977294922,-15.951812744140625
1317.68701171875,67.4456558227539,3560.455810546875,-0.31585684418678284,0.5263957977294922,-15.951812744140625
1317.893310546875,67.45339965820312,3559.74560546875,-0.3252868354320526,0.5163007974624634,-18.447341918945312
1318.12451171875,67.46086120605469,3559.05908203125,-0.328460693359375,0.5048807263374329,-20.979087829589844
1318.3817138671875,67.46800994873047,3558.399658203125,-0.3441771864891052,0.4900387227535248,-23.667709350585938
1318.3817138671875,67.46800994873047,3558.399658203125,-0.3441771864891052,0.4900387227535248,-23.667709350585938
1318.9779052734375,67.48094940185547,3557.1748046875,-0.4047240614891052,0.43995293974876404,-29.780040740966797
1319.3138427734375,67.48655700683594,3556.61181640625,-0.4259643256664276,0.400406152009964,-33.022422790527344
1319.6724853515625,67.49160766601562,3556.082763671875,-0.4269103705883026,0.3538857400417328,-36.30883026123047
1320.0526123046875,67.4962158203125,3555.58837890625,-0.4192200005054474,0.3064979016780853,-39.60660934448242
1320.4549560546875,67.50299072265625,3555.132080078125,-0.8372496962547302,0.43722769618034363,-42.96345901489258
1320.879150390625,67.5179672241211,3554.7197265625,-2.274688720703125,1.0241799354553223,-46.62718963623047
1321.3143310546875,67.54170989990234,3554.347412109375,-3.215057849884033,2.0338664054870605,-50.6829719543457
1321.7578125,67.5730209350586,3554.013916015625,-2.635925769805908,3.2500360012054443,-54.652889251708984
1322.206787109375,67.59969329833984,3553.715576171875,-1.290191650390625,4.038431167602539,-58.086164474487305
1322.661865234375,67.61466979980469,3553.45458984375,-0.8321837782859802,4.314452648162842,-61.14898490905762
1323.119873046875,67.62989044189453,3553.23876953125,-1.278808832168579,4.170779705047607,-64.16692352294922
1323.5732421875,67.65419006347656,3553.06640625,-1.7978214025497437,3.551288366317749,-67.29347610473633
1324.0162353515625,67.6886978149414,3552.93408203125,-1.756927490234375,2.540290594100952,-70.75616264343262
1324.450927734375,67.72602844238281,3552.83642578125,-1.3562620878219604,1.4806619882583618,-74.51029682159424
1324.881591796875,67.74942016601562,3552.763427734375,-0.9349974393844604,1.0414671897888184,-78.80201530456543
1325.305908203125,67.76194763183594,3552.719970703125,-0.7362975478172302,0.9599283933639526,-83.25490713119507
1325.7244873046875,67.77019500732422,3552.705810546875,-0.5919798612594604,0.9704468846321106,-87.20220923423767
1326.1390380859375,67.7773666381836,3552.704345703125,-0.3992309868335724,1.0190982818603516,-89.7933349609375
1326.54736328125,67.78458404541016,3552.70458984375,-0.2054137885570526,1.0803446769714355,-90.99441403150558
1326.9481201171875,67.79258728027344,3552.708251953125,-0.0738525316119194,1.170694351196289,-91.50293803215027
1327.3416748046875,67.80130004882812,3552.716064453125,-0.00018310462473891675,1.273468255996704,-91.71857464313507
1327.7279052734375,67.81041717529297,3552.725830078125,0.06352095305919647,1.3784072399139404,-91.81017827987671
1328.107666015625,67.82035827636719,3552.736083984375,0.1137077584862709,1.5085086822509766,-91.85047364234924
1328.48046875,67.83058166503906,3552.748046875,0.14394976198673248,1.6484524011611938,-91.86795806884766
1328.8466796875,67.84146118164062,3552.76025390625,0.19051966071128845,1.8036342859268188,-91.87669003009796
1329.2064208984375,67.85317993164062,3552.7724609375,0.21497637033462524,1.957907795906067,-91.88113927841187
1329.5599365234375,67.86528778076172,3552.784912109375,0.24551519751548767,2.1063687801361084,-91.88326835632324
1329.90673828125,67.87823486328125,3552.796875,0.2735671103000641,2.234619140625,-91.88559234142303
1330.2476806640625,67.89167785644531,3552.8076171875,0.280809611082077,2.3509645462036133,-91.88723921775818
1330.5826416015625,67.90502166748047,3552.818603515625,0.2829437255859375,2.4640111923217773,-91.88822615146637
1330.911865234375,67.91875457763672,3552.82958984375,0.30002203583717346,2.548083782196045,-91.88946950435638
1331.2354736328125,67.93268585205078,3552.83740234375,0.3205493092536926,2.614384651184082,-91.7229186296463
1331.55322265625,67.94658660888672,3552.838623046875,0.3420443832874298,2.6736910343170166,-91.26810538768768
1331.8651123046875,67.96084594726562,3552.835205078125,0.3455563485622406,2.7068448066711426,-90.70635259151459
1332.1719970703125,67.97528076171875,3552.828125,0.32949453592300415,2.728578567504883,-90.09748864173889
1332.4735107421875,67.9896011352539,3552.817138671875,0.3055189251899719,2.7482492923736572,-89.4848023056984
1332.7706298828125,68.00399017333984,3552.80712890625,0.2685315012931824,2.7582693099975586,-89.09237664937973
1333.0631103515625,68.0184326171875,3552.7998046875,0.23537138104438782,2.764122724533081,-88.94418346881866
1333.351318359375,68.03274536132812,3552.794189453125,0.2178989201784134,2.7707958221435547,-88.88879382610321
1333.63525390625,68.04681396484375,3552.7880859375,0.21214079856872559,2.777189016342163,-88.8680727481842
1333.9156494140625,68.06067657470703,3552.78173828125,0.21309389173984528,2.7854602336883545,-88.86047375202179
1334.191650390625,68.0743408203125,3552.7763671875,0.2140110582113266,2.7967164516448975,-88.85775756835938
1334.46435546875,68.08783721923828,3552.771728515625,0.21402256190776825,2.8096868991851807,-88.85672008991241
1334.7332763671875,68.10112762451172,3552.76708984375,0.21421414613723755,2.8224799633026123,-88.856201171875
1334.998779296875,68.11425018310547,3552.762451171875,0.21495740115642548,2.834972381591797,-88.85610973834991
