4843.28662109375,504.18017578125,2955.458251953125,-0.05517578125,-1.0914573669433594,-88.11904919147491
4843.62255859375,504.1734619140625,2955.434814453125,-0.02697753719985485,-1.0836162567138672,-87.49026441574097
4843.96826171875,504.1666259765625,2955.406494140625,-0.004852294921875,-1.076567530632019,-86.77761793136597
4844.32470703125,504.15966796875,2955.372802734375,0.011671870946884155,-1.065243124961853,-86.05950784683228
4844.32470703125,504.15966796875,2955.372802734375,0.011671870946884155,-1.065243124961853,-86.05950784683228
4845.45458984375,504.1377258300781,2955.231689453125,0.0930403470993042,-1.0266388654708862,-83.54647302627563
4845.45458984375,504.1377258300781,2955.231689453125,0.0930403470993042,-1.0266388654708862,-83.54647302627563
4845.8466796875,504.1302185058594,2955.162353515625,0.1533784717321396,-1.0229164361953735,-82.24764013290405
4846.6513671875,504.1147155761719,2954.985595703125,0.2512015998363495,-1.0058273077011108,-79.17744255065918
4847.0673828125,504.1069030761719,2954.88427734375,0.22946201264858246,-0.9888337254524231,-77.94358825683594
4847.0673828125,504.1069030761719,2954.88427734375,0.22946201264858246,-0.9888337254524231,-77.94358825683594
4847.49609375,504.0989990234375,2954.78564453125,0.16489315032958984,-0.9766555428504944,-77.43586158752441
4847.93603515625,504.0910339355469,2954.685546875,0.12314514070749283,-0.9664921760559082,-77.20213031768799
4848.38671875,504.0829162597656,2954.58203125,0.10026136785745621,-0.9525381326675415,-77.1285810470581
4848.38671875,504.0829162597656,2954.58203125,0.10026136785745621,-0.9525381326675415,-77.1285810470581
4849.322265625,504.0661926269531,2954.36865234375,0.07777228206396103,-0.9155868291854858,-77.0738353729248
4849.806640625,504.0577087402344,2954.25732421875,0.06451104581356049,-0.9018512964248657,-77.05351066589355
4850.302734375,504.04925537109375,2954.143310546875,0.055053889751434326,-0.8879996538162231,-77.06263446807861
4850.81005859375,504.0406494140625,2954.027099609375,0.05091215670108795,-0.8718872666358948,-77.0507001876831
4851.32958984375,504.0320739746094,2953.90771484375,0.03978608548641205,-0.8530837297439575,-77.05903148651123
4851.85986328125,504.0234680175781,2953.785888671875,0.036350809037685394,-0.835871696472168,-77.05045700073242
4852.4013671875,504.01470947265625,2953.661376953125,0.030513061210513115,-0.8210774660110474,-77.0565299987793
4853.5185546875,503.99737548828125,2953.404541015625,0.01675180159509182,-0.7895493507385254,-77.05454635620117
4853.5185546875,503.99737548828125,2953.404541015625,0.01675180159509182,-0.7895493507385254,-77.05454635620117
4854.0927734375,503.9886169433594,2953.2724609375,0.0073623815551400185,-0.7742906808853149,-77.0510368347168
4854.67822265625,503.9800720214844,2953.137939453125,0.00042374891927465796,-0.7578641176223755,-77.05326271057129
4855.27392578125,503.9713439941406,2953.001220703125,-0.001312253181822598,-0.741246223449707,-77.05109882354736
4855.88037109375,503.9627380371094,2952.861572265625,-0.004913330543786287,-0.7225656509399414,-77.05192279815674
4856.49658203125,503.9542541503906,2952.719970703125,-0.006500236690044403,-0.7047730088233948,-77.05091285705566
4857.12353515625,503.9456787109375,2952.575439453125,-0.013183586299419403,-0.6870418787002563,-77.0510368347168
4857.7607421875,503.9373474121094,2952.42919921875,-0.018402090296149254,-0.669283390045166,-77.05066776275635
4858.4072265625,503.9289855957031,2952.2802734375,-0.02297973446547985,-0.6498719453811646,-77.0505485534668
4859.064453125,503.9207458496094,2952.12939453125,-0.025024421513080597,-0.6305835247039795,-77.05030250549316
4859.72998046875,503.91265869140625,2951.97119140625,0.011818175204098225,-0.6117526888847351,-76.78031349182129
4860.40185546875,503.9046630859375,2951.80029296875,0.07016897946596146,-0.5931062698364258,-76.0299482345581
4861.07958984375,503.8968505859375,2951.615966796875,0.1244330033659935,-0.5733329057693481,-75.00449466705322
4862.4560546875,503.8815612792969,2951.211181640625,0.16387251019477844,-0.533075749874115,-72.93062210083008
4862.4560546875,503.8815612792969,2951.211181640625,0.16387251019477844,-0.533075749874115,-72.93062210083008
4863.15673828125,503.8741149902344,2950.999267578125,0.13109493255615234,-0.5127559304237366,-72.45879364013672
4863.15673828125,503.8741149902344,2950.999267578125,0.13109493255615234,-0.5127559304237366,-72.45879364013672
4864.58544921875,503.85986328125,2950.5556640625,0.0965094342827797,-0.4686875641345978,-72.07621955871582
4866.048828125,503.8463439941406,2950.08935546875,0.06793797016143799,-0.4243459701538086,-71.96590232849121
4866.048828125,503.8463439941406,2950.08935546875,0.06793797016143799,-0.4243459701538086,-71.96590232849121
4866.7939453125,503.8399963378906,2949.848876953125,0.05506788194179535,-0.40158095955848694,-71.94460487365723
4867.548828125,503.8337707519531,2949.605224609375,0.04119843244552612,-0.3782012164592743,-71.93273162841797
4868.3125,503.827880859375,2949.357177734375,0.030197247862815857,-0.3543638586997986,-71.92601776123047
4869.86767578125,503.8167419433594,2948.8505859375,0.011884324252605438,-0.3089567720890045,-71.9199447631836
4869.86767578125,503.8167419433594,2948.8505859375,0.011884324252605438,-0.3089567720890045,-71.9199447631836
4870.6591796875,503.81158447265625,2948.592529296875,0.0004904557717964053,-0.28793343901634216,-71.91860008239746
4870.6591796875,503.81158447265625,2948.592529296875,0.0004904557717964053,-0.28793343901634216,-71.91860008239746
4872.27001953125,503.80181884765625,2948.06689453125,-0.010253901593387127,-0.2579352557659149,-71.9172306060791
4873.08935546875,503.7970886230469,2947.79931640625,-0.01611328311264515,-0.2549709379673004,-71.91683006286621
4873.91748046875,503.79248046875,2947.528564453125,-0.022491455078125,-0.2557973861694336,-71.91655349731445
4874.75537109375,503.7878112792969,2947.255126953125,-0.026397705078125,-0.25850898027420044,-71.91637420654297
4875.6025390625,503.7831115722656,2946.97900390625,-0.0292663611471653,-0.2569516897201538,-71.91616249084473
4876.45654296875,503.7784729003906,2946.6943359375,0.006344378925859928,-0.24987562000751495,-71.63772201538086
4877.3154296875,503.77392578125,2946.3955078125,0.06971263140439987,-0.23342853784561157,-70.84313774108887
4878.177734375,503.76959228515625,2946.08251953125,0.12940046191215515,-0.20690691471099854,-69.71402740478516
4879.04345703125,503.76568603515625,2945.752685546875,0.18409393727779388,-0.17214807868003845,-68.3748607635498
4880.7802734375,503.75933837890625,2945.034912109375,0.2833380401134491,-0.09673596173524857,-65.3445053100586
4880.7802734375,503.75933837890625,2945.034912109375,0.2833380401134491,-0.09673596173524857,-65.3445053100586
4881.65185546875,503.75701904296875,2944.64892578125,0.28578969836235046,-0.05944996327161789,-64.09480857849121
4882.52734375,503.7553405761719,2944.249267578125,0.2678280174732208,-0.021726829931139946,-63.31511306762695
4883.40673828125,503.75439453125,2943.835205078125,0.2565497159957886,0.019698264077305794,-62.82456970214844
4884.2900390625,503.7544860839844,2943.407470703125,0.24613822996616364,0.08264528214931488,-62.51447868347168
4885.17724609375,503.75531005859375,2942.967529296875,0.23056380450725555,0.14558547735214233,-62.32002258300781
4886.06982421875,503.7567138671875,2942.516845703125,0.21267561614513397,0.1938885748386383,-62.199167251586914
4886.96826171875,503.7590637207031,2942.05712890625,0.1915232390165329,0.2043250948190689,-62.12617111206055
4887.87353515625,503.7618103027344,2941.589111328125,0.16938798129558563,0.20199599862098694,-62.08066368103027
4888.7841796875,503.7646484375,2941.1142578125,0.14607210457324982,0.19687336683273315,-62.05165100097656
4889.70361328125,503.7684020996094,2940.6328125,0.12730678915977478,0.2443636655807495,-62.03144645690918
4891.564453125,503.77789306640625,2939.65283203125,0.09143339097499847,0.4163614809513092,-62.00886344909668
4891.564453125,503.77789306640625,2939.65283203125,0.09143339097499847,0.4163614809513092,-62.00886344909668
4892.50537109375,503.7842712402344,2939.155029296875,0.07684564590454102,0.4479374289512634,-62.00382614135742
4893.45361328125,503.7915954589844,2938.652099609375,0.06504356861114502,0.4486614465713501,-62.000837326049805
4893.45361328125,503.7915954589844,2938.652099609375,0.06504356861114502,0.4486614465713501,-62.000837326049805
4895.3740234375,503.8078918457031,2937.63232421875,0.048286668956279755,0.4952501654624939,-61.997169494628906
4896.3466796875,503.8174743652344,2937.115478515625,0.041193798184394836,0.5841997265815735,-61.99601364135742
4897.3271484375,503.82769775390625,2936.5947265625,0.035847317427396774,0.6726301908493042,-61.995277404785156
4899.30908203125,503.8521728515625,2935.53564453125,0.061473481357097626,0.6956137418746948,-61.71207237243652
4899.30908203125,503.8521728515625,2935.53564453125,0.061473481357097626,0.6956137418746948,-61.71207237243652
4900.30322265625,503.8651428222656,2934.987060546875,0.11020427197217941,0.6906071901321411,-60.895145416259766
4901.30224609375,503.8782958984375,2934.428955078125,0.11487986892461777,0.6956547498703003,-60.06679725646973
4902.30615234375,503.8909912109375,2933.863037109375,0.10116812586784363,0.6710660457611084,-59.51336097717285
4903.3154296875,503.9035339355469,2933.286865234375,0.09572844207286835,0.62863689661026,-59.14320755004883
4904.3291015625,503.9157409667969,2932.701171875,0.0962853655219078,0.6004009246826172,-58.89124870300293
4905.34716796875,503.926513671875,2932.10546875,0.10035475343465805,0.547405481338501,-58.72157096862793
4906.36962890625,503.9354248046875,2931.501708984375,0.0998038575053215,0.42582130432128906,-58.61027908325195
4907.3974609375,503.9432678222656,2930.888671875,0.09988529235124588,0.28046804666519165,-58.53547477722168
4908.431640625,503.94744873046875,2930.26904296875,0.09694606065750122,0.15481989085674286,-58.48126983642578
4909.47216796875,503.9495849609375,2929.6416015625,0.09153556823730469,0.04667067900300026,-58.44245147705078
4910.51904296875,503.9488220214844,2929.00732421875,0.08839517086744308,-0.06897124648094177,-58.41539764404297
4911.5732421875,503.9455871582031,2928.366455078125,0.07868166267871857,-0.1726057082414627,-58.39575958251953
4912.63330078125,503.940185546875,2927.7197265625,0.07461214810609818,-0.28704550862312317,-58.38209915161133
4913.70166015625,503.9318542480469,2927.067138671875,0.06485775113105774,-0.39196404814720154,-58.372032165527344
4914.77587890625,503.9217529296875,2926.40869140625,0.058800406754016876,-0.5046416521072388,-58.36491584777832
4915.85791015625,503.90838623046875,2925.745361328125,0.05167466774582863,-0.6123947501182556,-58.35963821411133
4915.85791015625,503.90838623046875,2925.745361328125,0.05167466774582863,-0.6123947501182556,-58.35963821411133
4918.0458984375,503.8747253417969,2924.40234375,0.03815868869423866,-0.8344441652297974,-58.35301399230957
4919.150390625,503.854248046875,2923.72314453125,0.03135978803038597,-0.9454620480537415,-58.35091018676758
4920.26220703125,503.83038330078125,2923.03857421875,0.025144239887595177,-1.0614591836929321,-58.349321365356445
4921.3818359375,503.8044128417969,2922.348876953125,0.01711426116526127,-1.170619249343872,-58.34806442260742
4922.5087890625,503.7751770019531,2921.655029296875,0.012743692845106125,-1.2844511270523071,-58.3470573425293
4923.64453125,503.7434387207031,2920.955322265625,0.0040117050521075726,-1.391814947128296,-58.346269607543945
4924.78759765625,503.70916748046875,2920.2509765625,-0.0008240060997195542,-1.4793710708618164,-58.34553527832031
4925.93896484375,503.6726379394531,2919.541259765625,-0.008880611509084702,-1.5333842039108276,-58.344865798950195
4927.09814453125,503.63494873046875,2918.826904296875,-0.015869121998548508,-1.5590178966522217,-58.34422302246094
4928.265625,503.5963134765625,2918.107177734375,-0.01925661228597164,-1.5542640686035156,-58.34367370605469
4929.4404296875,503.5574035644531,2917.3828125,-0.026275673881173134,-1.541928768157959,-58.34318542480469
4930.62353515625,503.51861572265625,2916.6533203125,-0.0331726111471653,-1.5335071086883545,-58.34269714355469
4931.814453125,503.4810485839844,2915.918701171875,-0.033447250723838806,-1.4565104246139526,-58.342119216918945
4933.013671875,503.4449157714844,2915.178955078125,-0.0369872972369194,-1.318752408027649,-58.34162712097168
4934.2216796875,503.4135437011719,2914.434326171875,-0.0321655347943306,-1.070461392402649,-58.341264724731445
4935.43701171875,503.38690185546875,2913.684814453125,-0.026031509041786194,-0.7765514850616455,-58.34089279174805
4935.43701171875,503.38690185546875,2913.684814453125,-0.026031509041786194,-0.7765514850616455,-58.34089279174805
4937.87646484375,503.35687255859375,2912.18017578125,-0.005859375931322575,-0.17706581950187683,-58.34080123901367
4939.0888671875,503.3539733886719,2911.432373046875,0.0008235856075771153,0.08616966009140015,-58.34119987487793
4940.2919921875,503.3580017089844,2910.690673828125,0.01946517825126648,0.37405529618263245,-58.34190368652344
4941.482421875,503.36962890625,2909.956787109375,0.026651885360479355,0.6214105486869812,-58.34269714355469
4942.65771484375,503.3883361816406,2909.2314453125,0.03909357264637947,0.9076296091079712,-58.34370803833008
4943.8173828125,503.41326904296875,2908.51611328125,0.04402228444814682,1.1599640846252441,-58.34465026855469
4944.9609375,503.4452209472656,2907.811279296875,0.05226636677980423,1.4297497272491455,-58.34562301635742
4946.0869140625,503.4820556640625,2907.1171875,0.055810440331697464,1.6843109130859375,-58.34650421142578
4947.19580078125,503.5255432128906,2906.43359375,0.057635627686977386,1.9345827102661133,-58.347333908081055
4948.287109375,503.5729675292969,2905.76123046875,0.05115841329097748,2.1887407302856445,-58.34798049926758
4949.3603515625,503.62652587890625,2905.099609375,0.04720475897192955,2.425666332244873,-58.348344802856445
4950.41650390625,503.6834716796875,2904.448974609375,0.04015166684985161,2.68082857131958,-58.34843444824219
4951.4541015625,503.7457580566406,2903.809326171875,0.026536401361227036,2.9137449264526367,-58.34830665588379
4952.474609375,503.8110046386719,2903.18017578125,0.020258616656064987,3.157111406326294,-58.347883224487305
4953.4765625,503.8811340332031,2902.5625,0.007277562748640776,3.3848981857299805,-58.3474235534668
4954.4619140625,503.9537048339844,2901.954833984375,0.0011675147106871009,3.6182174682617188,-58.34687614440918
4955.4296875,504.03057861328125,2901.358154296875,-0.006011960096657276,3.8489890098571777,-58.34644889831543
4956.38037109375,504.1092529296875,2900.772216796875,-0.02362070605158806,4.043451309204102,-58.345985412597656
4957.314453125,504.1902160644531,2900.196533203125,-0.04260263219475746,4.195327281951904,-58.3453254699707
4958.23046875,504.27264404296875,2899.631591796875,-0.05419909581542015,4.283231735229492,-58.34431457519531
4959.130859375,504.3544921875,2899.076416015625,-0.06716901063919067,4.341117858886719,-58.34330368041992
4960.88232421875,504.51605224609375,2897.99658203125,-0.08608997613191605,4.328639030456543,-58.34217643737793
4960.88232421875,504.51605224609375,2897.99658203125,-0.08608997613191605,4.328639030456543,-58.34217643737793
4962.57275390625,504.6705627441406,2896.954345703125,-0.1119079738855362,4.286107540130615,-58.34144401550293
4962.57275390625,504.6705627441406,2896.954345703125,-0.1119079738855362,4.286107540130615,-58.34144401550293
4963.39453125,504.7450256347656,2896.447021484375,-0.12774665653705597,4.26797342300415,-58.34080123901367
4964.2021484375,504.81781005859375,2895.948974609375,-0.1452026665210724,4.26201057434082,-58.340070724487305
4964.99560546875,504.8889465332031,2895.4599609375,-0.1555785983800888,4.265773773193359,-58.339237213134766
4965.77392578125,504.9587097167969,2894.979736328125,-0.16616812348365784,4.26987886428833,-58.33867645263672
4966.5380859375,505.027099609375,2894.5078125,-0.17410260438919067,4.273061752319336,-58.33833122253418
4968.0263671875,505.1598815917969,2893.59033203125,-0.19296270608901978,4.257734775543213,-58.33799362182617
4968.0263671875,505.1598815917969,2893.59033203125,-0.19296270608901978,4.257734775543213,-58.33799362182617
4969.46142578125,505.2858581542969,2892.70458984375,-0.19573988020420074,4.15238618850708,-58.33775520324707
4969.46142578125,505.2858581542969,2892.70458984375,-0.19573988020420074,4.15238618850708,-58.33775520324707
4970.16064453125,505.346435546875,2892.273681640625,-0.21640045940876007,4.090115070343018,-58.337785720825195
4970.84716796875,505.40521240234375,2891.849609375,-0.21807844936847687,4.025426387786865,-58.337812423706055
4971.5224609375,505.4606018066406,2891.432861328125,-0.2142029106616974,3.916635274887085,-58.33799362182617
4972.18701171875,505.5138244628906,2891.02294921875,-0.22570796310901642,3.797680616378784,-58.33836555480957
4972.84033203125,505.5657043457031,2890.619873046875,-0.24099744856357574,3.683814525604248,-58.33875274658203
4973.4833984375,505.6159973144531,2890.22314453125,-0.22955332696437836,3.5932188034057617,-58.339128494262695
4974.11669921875,505.6625671386719,2889.83251953125,-0.22387689352035522,3.511864423751831,-58.33958625793457
4974.740234375,505.70703125,2889.44775390625,-0.22866825759410858,3.4290757179260254,-58.34016227722168
4974.740234375,505.70703125,2889.44775390625,-0.22866825759410858,3.4290757179260254,-58.34016227722168
4975.95849609375,505.7911682128906,2888.69580078125,-0.2182922065258026,3.1607792377471924,-58.34199905395508
4976.5546875,505.83038330078125,2888.328125,-0.21243290603160858,3.068510055541992,-58.34290885925293
4977.14306640625,505.8680114746094,2887.96533203125,-0.20236200094223022,2.988111972808838,-58.34367370605469
4977.72216796875,505.9034118652344,2887.607666015625,-0.19091787934303284,2.886526584625244,-58.34446907043457
4978.29345703125,505.9368896484375,2887.2548828125,-0.1886901706457138,2.8089492321014404,-58.34519958496094
4978.85888671875,505.9695739746094,2886.90673828125,-0.18856798112392426,2.738980770111084,-58.345903396606445
4979.416015625,506.0012512207031,2886.56298828125,-0.17758172750473022,2.638460874557495,-58.34651184082031
4979.96630859375,506.03082275390625,2886.2236328125,-0.16787715256214142,2.545372247695923,-58.34721374511719
4980.51025390625,506.0589294433594,2885.887939453125,-0.166717529296875,2.4735870361328125,-58.34773635864258
4981.04736328125,506.08642578125,2885.556884765625,-0.16390995681285858,2.4063234329223633,-58.34846878051758
4981.57861328125,506.1128845214844,2885.229248046875,-0.1530761569738388,2.3030781745910645,-58.34858322143555
4982.10400390625,506.1374206542969,2884.905029296875,-0.1450195610523224,2.2187867164611816,-58.35044479370117
4982.62646484375,506.1607971191406,2884.588623046875,-0.16656489670276642,2.150963068008423,-58.603445053100586
4983.1474609375,506.18377685546875,2884.28466796875,-0.19140629470348358,2.0879409313201904,-59.30247497558594
4983.66748046875,506.2059631347656,2883.992431640625,-0.1936340481042862,2.000978946685791,-60.207420349121094
4984.18798828125,506.2265930175781,2883.71142578125,-0.18835444748401642,1.935661792755127,-61.243900299072266
4984.7080078125,506.2460021972656,2883.44189453125,-0.1719970852136612,1.8785409927368164,-62.31278419494629
4985.22509765625,506.26458740234375,2883.178466796875,-0.1314697265625,1.801653504371643,-63.09694290161133
4985.73779296875,506.28271484375,2882.917724609375,-0.08865354210138321,1.7159756422042847,-63.458396911621094
4986.24755859375,506.2998046875,2882.66064453125,-0.06488031893968582,1.6290205717086792,-63.65391731262207
4986.75439453125,506.31573486328125,2882.407470703125,-0.06036379560828209,1.5487247705459595,-63.73003005981445
4987.7587890625,506.3453369140625,2881.908935546875,-0.04943843185901642,1.3985016345977783,-63.79433059692383
4987.7587890625,506.3453369140625,2881.908935546875,-0.04943843185901642,1.3985016345977783,-63.79433059692383
4988.25634765625,506.35882568359375,2881.6630859375,-0.0497741773724556,1.3237110376358032,-63.81905174255371
4988.75146484375,506.3717041015625,2881.419189453125,-0.045135509222745895,1.254377841949463,-63.80977249145508
4989.24365234375,506.3834228515625,2881.1767578125,-0.04180910810828209,1.184812307357788,-63.82686424255371
4989.7333984375,506.3946228027344,2880.935791015625,-0.044494643807411194,1.1101857423782349,-63.81282424926758
4990.220703125,506.4050598144531,2880.6962890625,-0.038360595703125,1.0347120761871338,-63.828453063964844
4990.70556640625,506.41448974609375,2880.45751953125,-0.038757313042879105,0.9619023203849792,-63.81356239318848
4991.18896484375,506.4236755371094,2880.219970703125,-0.0422058068215847,0.8891335129737854,-63.82918357849121
4991.67041015625,506.4317932128906,2879.983154296875,-0.037353530526161194,0.8140287399291992,-63.814104080200195
4992.150390625,506.439208984375,2879.747314453125,-0.038085952401161194,0.7401329278945923,-63.8301887512207
4992.62890625,506.4461975097656,2879.51171875,-0.0355529859662056,0.6708133220672607,-63.814781188964844
4993.10693359375,506.45208740234375,2879.277099609375,-0.0318603590130806,0.6016508340835571,-63.83036994934082
4993.5830078125,506.4574890136719,2879.04296875,-0.0334472730755806,0.5310949683189392,-63.8145637512207
4994.05908203125,506.4624938964844,2878.80859375,-0.0305175743997097,0.46177539229393005,-63.83034133911133
4995.00927734375,506.4704895019531,2878.340576171875,-0.0299072228372097,0.35464388132095337,-63.83083152770996
4995.00927734375,506.4704895019531,2878.340576171875,-0.0299072228372097,0.35464388132095337,-63.83083152770996
4995.484375,506.4740905761719,2878.106201171875,-0.02728271298110485,0.313027560710907,-63.81508445739746
4995.958984375,506.4771728515625,2877.871826171875,-0.0268554650247097,0.2937800884246826,-63.83110237121582
4996.43408203125,506.48004150390625,2877.6376953125,-0.028411865234375,0.28107592463493347,-63.815359115600586
4996.90966796875,506.48284912109375,2877.403076171875,-0.027465814724564552,0.2767046093940735,-63.83113479614258
4997.38623046875,506.4853515625,2877.1689453125,-0.028167724609375,0.2810690999031067,-63.81535720825195
4997.86328125,506.48785400390625,2876.934326171875,-0.029998779296875,0.2875441312789917,-63.831138610839844
4998.34130859375,506.49041748046875,2876.69970703125,-0.0316162109375,0.29271456599235535,-63.81545448303223
4998.82080078125,506.4930725097656,2876.463623046875,-0.0314025841653347,0.2977825701236725,-63.83068084716797
4999.30126953125,506.4957580566406,2876.227783203125,-0.0327453576028347,0.30079469084739685,-63.815114974975586
4999.78466796875,506.4985046386719,2875.995361328125,-0.0647277683019638,0.3026593327522278,-64.06804847717285
5000.2734375,506.5012512207031,2875.770751953125,-0.1106872409582138,0.30464690923690796,-64.71013641357422
5000.76708984375,506.5039367675781,2875.553955078125,-0.1427917331457138,0.306135892868042,-65.59148788452148
5001.265625,506.50677490234375,2875.34423828125,-0.16021724045276642,0.30798688530921936,-66.54497528076172
5001.77001953125,506.5096435546875,2875.141845703125,-0.173248291015625,0.3095510005950928,-67.57493782043457
5002.27978515625,506.5125427246094,2874.947509765625,-0.185455322265625,0.3108828663825989,-68.60203170776367
5002.79345703125,506.5153503417969,2874.75439453125,-0.1545105129480362,0.31255626678466797,-69.3411636352539
5003.82666015625,506.5212097167969,2874.3671875,-0.091888427734375,0.3135056793689728,-69.83615493774414
5003.82666015625,506.5212097167969,2874.3671875,-0.091888427734375,0.3135056793689728,-69.83615493774414
5004.341796875,506.524169921875,2874.176513671875,-0.0762328952550888,0.30908653140068054,-69.8961238861084
5004.85302734375,506.5270690917969,2873.988037109375,-0.0664062425494194,0.30242711305618286,-69.94748306274414
5005.3583984375,506.5299072265625,2873.802734375,-0.0584106408059597,0.29515978693962097,-69.9494400024414
5005.85693359375,506.53271484375,2873.619873046875,-0.05108642578125,0.28851401805877686,-69.97375869750977
5006.3486328125,506.53558349609375,2873.440185546875,-0.0461730919778347,0.28248295187950134,-69.96164131164551
5006.8330078125,506.5383605957031,2873.263671875,-0.042327869683504105,0.2766636312007904,-69.98010444641113
5007.3095703125,506.5410461425781,2873.08984375,-0.0375976525247097,0.27221718430519104,-69.96396446228027
5007.7783203125,506.543701171875,2872.9189453125,-0.0351257286965847,0.2696695029735565,-69.98208999633789
5008.2392578125,506.5462341308594,2872.751220703125,-0.0338439978659153,0.2668759524822235,-69.96408271789551
5008.6923828125,506.54876708984375,2872.586181640625,-0.031494140625,0.26580363512039185,-69.98300552368164
5009.13818359375,506.5513610839844,2872.427734375,-0.0557556226849556,0.2639116644859314,-70.17974662780762
5009.5791015625,506.5538024902344,2872.280517578125,-0.0943603366613388,0.2621631324291229,-70.78439331054688
5010.4423828125,506.55853271484375,2872.013671875,-0.1299133449792862,0.2621768116950989,-72.37834930419922
5010.4423828125,506.55853271484375,2872.013671875,-0.1299133449792862,0.2621768116950989,-72.37834930419922
5010.865234375,506.5608825683594,2871.893310546875,-0.133270263671875,0.2625729441642761,-73.21513557434082
5011.28173828125,506.563232421875,2871.78076171875,-0.1329345703125,0.2628529965877533,-74.09870433807373
5011.69287109375,506.5654296875,2871.677734375,-0.1323852390050888,0.26276418566703796,-74.93220043182373
5012.09814453125,506.5675964355469,2871.58544921875,-0.153839111328125,0.26262760162353516,-75.98344039916992
5012.49755859375,506.56976318359375,2871.508056640625,-0.18435664474964142,0.2612547278404236,-77.29395580291748
5013.27685546875,506.5739440917969,2871.391845703125,-0.19952392578125,0.260353147983551,-80.26911926269531
5013.27685546875,506.5739440917969,2871.391845703125,-0.19952392578125,0.260353147983551,-80.26911926269531
5013.65673828125,506.5758972167969,2871.3447265625,-0.1495361179113388,0.2612205743789673,-81.44795799255371
5014.02978515625,506.5778503417969,2871.294189453125,-0.0764160007238388,0.2613571882247925,-81.94112396240234
5014.396484375,506.5798034667969,2871.243896484375,-0.0319824181497097,0.26324230432510376,-82.18987226486206
5014.75634765625,506.5816955566406,2871.19482421875,-0.010711670853197575,0.2654484510421753,-82.259268283844
5015.1103515625,506.5836486816406,2871.146728515625,0.00033567173522897065,0.2665959298610687,-82.32686614990234
5015.45849609375,506.58551025390625,2871.099853515625,0.0067517925053834915,0.2684537470340729,-82.31908464431763
5015.80029296875,506.5872802734375,2871.0537109375,0.011533735319972038,0.2698880732059479,-82.35314273834229
5016.13671875,506.5890197753906,2871.0087890625,0.015859734266996384,0.27173224091529846,-82.3293981552124
5016.46728515625,506.59075927734375,2870.964111328125,0.01773950085043907,0.2723401188850403,-82.35875511169434
5016.79296875,506.592529296875,2870.920166015625,0.020489396527409554,0.2734192907810211,-82.33129119873047
5017.11328125,506.59423828125,2870.877197265625,0.022999459877610207,0.27433452010154724,-82.36043548583984
5017.4287109375,506.59588623046875,2870.8349609375,0.024936959147453308,0.27518829703330994,-82.33159589767456
5017.7392578125,506.59759521484375,2870.792724609375,0.025700675323605537,0.2762333154678345,-82.3613510131836
5018.04541015625,506.59918212890625,2870.752197265625,0.023629074916243553,0.27654069662094116,-82.3323884010315
5018.3466796875,506.60076904296875,2870.71142578125,0.023201774805784225,0.2769436538219452,-82.36089324951172
5018.3466796875,506.60076904296875,2870.71142578125,0.023201774805784225,0.2769436538219452,-82.36089324951172
5018.93603515625,506.6038513183594,2870.63232421875,0.024421341717243195,0.27787256240844727,-82.36211395263672
5019.224609375,506.60540771484375,2870.59326171875,0.023603009060025215,0.2797372043132782,-82.33208513259888
5019.50927734375,506.60699462890625,2870.55517578125,0.022742509841918945,0.280269980430603,-82.36266374588013
5019.7900390625,506.6084899902344,2870.517822265625,0.02391321398317814,0.2819228768348694,-82.33223628997803
5020.341796875,506.61138916015625,2870.443359375,0.023599980399012566,0.2832137644290924,-82.33153438568115
5020.341796875,506.61138916015625,2870.443359375,0.023599980399012566,0.2832137644290924,-82.33153438568115
5020.6123046875,506.61279296875,2870.407470703125,0.02343963086605072,0.28313180804252625,-82.36394357681274
5020.88037109375,506.61419677734375,2870.37158203125,0.023366520181298256,0.2849896252155304,-82.33251094818115
5021.14501953125,506.6156005859375,2870.33544921875,0.022662246599793434,0.28634199500083923,-82.36296701431274
5021.40673828125,506.6170349121094,2870.30029296875,0.023588266223669052,0.2872025966644287,-82.33031463623047
5021.666015625,506.6183776855469,2870.265869140625,0.02314426191151142,0.28882819414138794,-82.36138153076172
5021.9228515625,506.6197814941406,2870.2314453125,0.020552653819322586,0.2897707521915436,-82.33025312423706
5022.17724609375,506.62115478515625,2870.197021484375,0.019967051222920418,0.2906860113143921,-82.36135149002075
5022.4296875,506.62249755859375,2870.162841796875,0.01952398382127285,0.2921066880226135,-82.3291244506836
5022.6796875,506.6238708496094,2870.128662109375,0.019119491800665855,0.29247552156448364,-82.36095476150513
5022.92822265625,506.6252136230469,2870.095947265625,0.01749088242650032,0.29291263222694397,-82.32942914962769
5023.1796875,506.62646484375,2870.0615234375,0.017758727073669434,0.29964038729667664,-82.33867692947388
5023.4306640625,506.6278381347656,2870.028076171875,0.01806950569152832,0.3008083403110504,-82.295156955719
5023.6826171875,506.6291198730469,2869.994384765625,0.01637982577085495,0.3034448027610779,-82.27028560638428
5023.9345703125,506.6304931640625,2869.9599609375,0.01686057262122631,0.3044010102748871,-82.25963640213013
5024.1845703125,506.6318664550781,2869.925537109375,0.01670357771217823,0.30229049921035767,-82.3074254989624
5024.4365234375,506.63311767578125,2869.89111328125,0.015572327189147472,0.30465373396873474,-82.32189178466797
5024.6875,506.6344299316406,2869.857421875,0.014833085238933563,0.3038204610347748,-82.30150651931763
5024.94091796875,506.6358337402344,2869.822998046875,0.01362584251910448,0.3044215142726898,-82.28331661224365
5025.19189453125,506.63720703125,2869.78857421875,0.013538992032408714,0.3003097474575043,-82.32857513427734
5025.443359375,506.6385192871094,2869.754638671875,0.013890406116843224,0.29718151688575745,-82.34871578216553
5025.6953125,506.6397399902344,2869.72021484375,0.012226415798068047,0.2965463101863861,-82.4054479598999
5025.947265625,506.64105224609375,2869.68701171875,0.010589558631181717,0.2933429479598999,-82.37425899505615
5026.2001953125,506.642333984375,2869.6533203125,0.009484325535595417,0.2918403148651123,-82.35393476486206
5026.4521484375,506.64361572265625,2869.619873046875,0.009269196540117264,0.2890877425670624,-82.29103755950928
5026.95947265625,506.6460876464844,2869.552001953125,0.010290493257343769,0.28022897243499756,-82.20674848556519
5026.95947265625,506.6460876464844,2869.552001953125,0.010290493257343769,0.28022897243499756,-82.20674848556519
5027.21435546875,506.6473083496094,2869.517822265625,0.010699129663407803,0.27569374442100525,-82.17324161529541
5027.470703125,506.64849853515625,2869.483154296875,0.011020036414265633,0.26966267824172974,-82.1014928817749
5027.72900390625,506.6496887207031,2869.447509765625,0.011162862181663513,0.26471763849258423,-82.08302927017212
5027.98779296875,506.65087890625,2869.411865234375,0.01042963657528162,0.2591032087802887,-82.02114009857178
5028.25,506.652099609375,2869.37548828125,0.010818789713084698,0.25710880756378174,-81.97509002685547
5028.78125,506.65423583984375,2869.313720703125,-0.037872314453125,0.24573653936386108,-82.471519947052
5028.78125,506.65423583984375,2869.313720703125,-0.037872314453125,0.24573653936386108,-82.471519947052
5029.0498046875,506.65533447265625,2869.28466796875,-0.0239868126809597,0.23586007952690125,-82.68538665771484
5029.32177734375,506.6564025878906,2869.25244140625,-0.0009460470173507929,0.22790290415287018,-82.72423601150513
5029.59716796875,506.6574401855469,2869.21875,0.009262239560484886,0.21890072524547577,-82.68117618560791
5029.8759765625,506.6584777832031,2869.18408203125,0.013653718866407871,0.2135663479566574,-82.65901899337769
5030.1572265625,506.65948486328125,2869.148681640625,0.015400972217321396,0.20746015012264252,-82.5944447517395
5030.44287109375,506.6604919433594,2869.112060546875,0.013662873767316341,0.2032322734594345,-82.54976558685303
5030.73095703125,506.6614990234375,2869.074951171875,0.013109727762639523,0.19739244878292084,-82.48110294342041
5031.02294921875,506.6624755859375,2869.037109375,0.012040277943015099,0.193246528506279,-82.44881391525269
5031.31787109375,506.6634216308594,2868.998779296875,0.011410276405513287,0.18494784832000732,-82.3829870223999
5031.61767578125,506.66436767578125,2868.959228515625,0.010474865324795246,0.17702482640743256,-82.34069013595581
5031.92041015625,506.6651306152344,2868.9189453125,0.010085774585604668,0.17118501663208008,-82.27468061447144
5031.92041015625,506.6651306152344,2868.9189453125,0.010085774585604668,0.17118501663208008,-82.27468061447144
5032.5390625,506.6666564941406,2868.8359375,0.008062213659286499,0.1615886092185974,-82.18282222747803
5032.85595703125,506.6673583984375,2868.79296875,0.007870061323046684,0.1551477313041687,-82.14601802825928
5033.17626953125,506.66802978515625,2868.74951171875,0.007463532034307718,0.14686955511569977,-82.08538055419922
5033.5029296875,506.6687316894531,2868.708251953125,-0.016632080078125,0.13832499086856842,-82.24361181259155
5033.83251953125,506.66943359375,2868.66845703125,-0.01983642391860485,0.12770403921604156,-82.41490888595581
5034.16845703125,506.67010498046875,2868.62548828125,-0.007049560081213713,0.11726751178503036,-82.466392993927
5034.50927734375,506.6707763671875,2868.58154296875,0.0011877178912982345,0.10855218768119812,-82.44029903411865
5034.85595703125,506.67120361328125,2868.536376953125,0.0054328772239387035,0.10086822509765625,-82.4258337020874
5035.20849609375,506.6716613769531,2868.489990234375,0.005600443109869957,0.09163381159305573,-82.37712955474854
5035.56689453125,506.6721496582031,2868.4423828125,0.0057321572676301,0.08343075960874557,-82.35393571853638
5035.931640625,506.6724548339844,2868.394287109375,0.006516808643937111,0.07400509715080261,-82.30538177490234
5036.3037109375,506.6726989746094,2868.34423828125,0.006613976322114468,0.0657200738787651,-82.28462886810303
5036.681640625,506.6729431152344,2868.29345703125,0.00593671714887023,0.05604169890284538,-82.23946332931519
5037.06591796875,506.67315673828125,2868.2412109375,0.005707004107534885,0.04661604017019272,-82.22170162200928
5037.06591796875,506.67315673828125,2868.2412109375,0.005707004107534885,0.04661604017019272,-82.22170162200928
5037.85693359375,506.67327880859375,2868.134033203125,0.009090044535696507,0.027443697676062584,-82.16631126403809
5038.263671875,506.67315673828125,2868.078125,0.008870137855410576,0.017444301396608353,-82.12963056564331
5038.67822265625,506.67303466796875,2868.02490234375,-0.01751708984375,0.007485887035727501,-82.33287763595581
5039.1005859375,506.67279052734375,2867.97998046875,-0.057861316949129105,-0.0035721887834370136,-82.87181949615479
5039.53173828125,506.6724548339844,2867.940673828125,-0.08621213585138321,-0.014097509905695915,-83.60021448135376
5040.41748046875,506.6716003417969,2867.872314453125,-0.0730895921587944,-0.037292830646038055,-84.94631624221802
5040.41748046875,506.6716003417969,2867.872314453125,-0.0730895921587944,-0.037292830646038055,-84.94631624221802
5040.87060546875,506.6709899902344,2867.83544921875,-0.0372314378619194,-0.04971011355519295,-85.16277885437012
5041.33154296875,506.6702575683594,2867.797119140625,-0.016571044921875,-0.06139656528830528,-85.28109455108643
5041.8017578125,506.66943359375,2867.75830078125,-0.00384521484375,-0.0725434347987175,-85.30715656280518
5042.2802734375,506.6685485839844,2867.71923828125,0.004067206289619207,-0.08328048884868622,-85.34194803237915
5042.7685546875,506.66741943359375,2867.6796875,0.010141661390662193,-0.09429758787155151,-85.33453178405762
5043.2666015625,506.6662292480469,2867.638671875,0.014667722396552563,-0.10556057095527649,-85.35250663757324
5043.77392578125,506.6649475097656,2867.597412109375,0.019709672778844833,-0.116912342607975,-85.34075689315796
5044.2919921875,506.6634216308594,2867.55517578125,0.022940605878829956,-0.12631067633628845,-85.35326910018921
5044.82080078125,506.6618347167969,2867.51220703125,0.029722491279244423,-0.13726630806922913,-85.34350442886353
5045.3603515625,506.6600036621094,2867.47314453125,0.00225256010890007,-0.14947184920310974,-85.60037088394165
5045.91162109375,506.6580505371094,2867.443359375,-0.0481567420065403,-0.16287268698215485,-86.28079104423523
5046.4736328125,506.6559143066406,2867.42236328125,-0.0830078050494194,-0.17565879225730896,-87.19647169113159
5047.04638671875,506.6535949707031,2867.41064453125,-0.109710693359375,-0.18970166146755219,-88.21774280071259
5047.6298828125,506.6510925292969,2867.407958984375,-0.1312561184167862,-0.2050422728061676,-89.30578625202179
5048.2236328125,506.64837646484375,2867.415771484375,-0.145599365234375,-0.21969301998615265,-90.42757883667946
5048.8271484375,506.6455078125,2867.435546875,-0.162109375,-0.23489701747894287,-91.5796891450882
5049.44091796875,506.6424255371094,2867.466552734375,-0.17791743576526642,-0.2511938512325287,-92.75166368484497
5050.0625,506.63909912109375,2867.5146484375,-0.22167964279651642,-0.26751118898391724,-94.17024898529053
5050.68896484375,506.6355895996094,2867.584228515625,-0.28674307465553284,-0.28564533591270447,-96.01360988616943
5051.3212890625,506.63177490234375,2867.677001953125,-0.340911865234375,-0.30321940779685974,-98.11403369903564
5051.958984375,506.6278076171875,2867.79296875,-0.38885489106178284,-0.32101887464523315,-100.3673849105835
5052.60009765625,506.62353515625,2867.93359375,-0.43148794770240784,-0.33902326226234436,-102.71650981903076
5053.2470703125,506.6190490722656,2868.092529296875,-0.4057006239891052,-0.3556274473667145,-104.62815380096436
5053.9033203125,506.6142578125,2868.258056640625,-0.33050537109375,-0.37201306223869324,-105.64657592773438
5054.568359375,506.6092224121094,2868.434326171875,-0.2734374701976776,-0.387510746717453,-106.17240142822266
5055.24072265625,506.60394287109375,2868.619873046875,-0.2297668308019638,-0.40154680609703064,-106.4444351196289
5055.921875,506.598388671875,2868.81298828125,-0.1931457370519638,-0.4136020839214325,-106.58610343933105
5056.61181640625,506.5925598144531,2869.012939453125,-0.1593627780675888,-0.4222969114780426,-106.66045951843262
5057.31103515625,506.586669921875,2869.218017578125,-0.1251525580883026,-0.4235536754131317,-106.70002174377441
5058.736328125,506.5744323730469,2869.640869140625,-0.06500244140625,-0.41955116391181946,-106.7328872680664
5058.736328125,506.5744323730469,2869.640869140625,-0.06500244140625,-0.41955116391181946,-106.7328872680664
5059.4638671875,506.5682067871094,2869.8583984375,-0.0384521447122097,-0.4150364100933075,-106.73932456970215
5060.9462890625,506.5555114746094,2870.302978515625,-0.005554195959120989,-0.41403236985206604,-106.7451171875
5060.9462890625,506.5555114746094,2870.302978515625,-0.005554195959120989,-0.41403236985206604,-106.7451171875
5061.70166015625,506.5491027832031,2870.530029296875,0.010068538598716259,-0.4165937006473541,-106.7463321685791
5062.46630859375,506.5426025390625,2870.760009765625,0.022721584886312485,-0.4171742796897888,-106.74703598022461
5063.24072265625,506.5360107421875,2870.9931640625,0.02948952652513981,-0.4167439639568329,-106.74741172790527
5064.0244140625,506.52935791015625,2871.22900390625,0.03366537764668465,-0.4165663719177246,-106.74761581420898
5064.81787109375,506.5226135253906,2871.4677734375,0.03609113395214081,-0.41634783148765564,-106.74773216247559
5065.62060546875,506.5157775878906,2871.709228515625,0.038354333490133286,-0.41577407717704773,-106.7477798461914
5066.43310546875,506.5088806152344,2871.95361328125,0.042054567486047745,-0.4162590205669403,-106.74777793884277
5068.08544921875,506.4948425292969,2872.451171875,0.04463112726807594,-0.41686689853668213,-106.74772262573242
5068.08544921875,506.4948425292969,2872.451171875,0.04463112726807594,-0.41686689853668213,-106.74772262573242
5068.923828125,506.4876403808594,2872.708984375,0.006812373176217079,-0.4171469509601593,-107.02411079406738
5069.7666015625,506.48040771484375,2872.980224609375,-0.0584411546587944,-0.41845834255218506,-107.81045532226562
5070.61474609375,506.47314453125,2873.2666015625,-0.1199645921587944,-0.41925063729286194,-108.92413520812988
5071.46875,506.46575927734375,2873.56201171875,-0.1295165717601776,-0.4196467995643616,-109.87251663208008
5072.3310546875,506.4583435058594,2873.865234375,-0.1163940355181694,-0.41900476813316345,-110.44160461425781
5073.20068359375,506.4507751464844,2874.177001953125,-0.1102905124425888,-0.4189501106739044,-110.78531646728516
5074.07763671875,506.4431457519531,2874.498046875,-0.1061096265912056,-0.41869741678237915,-110.99400520324707
5074.96240234375,506.43548583984375,2874.826904296875,-0.1011962890625,-0.4184856712818146,-111.12137794494629
5075.8544921875,506.42767333984375,2875.162353515625,-0.0941467136144638,-0.41903892159461975,-111.19940948486328
5076.7548828125,506.41986083984375,2875.504638671875,-0.08535764366388321,-0.4184856712818146,-111.24751472473145
5077.66259765625,506.4118957519531,2875.85205078125,-0.07501218467950821,-0.4190662205219269,-111.27728271484375
5078.5791015625,506.40386962890625,2876.204833984375,-0.0645141527056694,-0.41894328594207764,-111.29586410522461
5079.50439453125,506.3957824707031,2876.5625,-0.053344711661338806,-0.4191003739833832,-111.30752182006836
5080.4375,506.3875732421875,2876.924560546875,-0.0446167066693306,-0.41948971152305603,-111.31486320495605
5081.3798828125,506.37933349609375,2877.290283203125,-0.0353088341653347,-0.41986536979675293,-111.31952476501465
5082.3310546875,506.3709716796875,2877.66015625,-0.0242919921875,-0.41948971152305603,-111.32251358032227
5083.2900390625,506.36260986328125,2878.033935546875,-0.017333984375,-0.4173518419265747,-111.3244400024414
5084.2587890625,506.3541259765625,2878.411865234375,-0.01205444149672985,-0.41610193252563477,-111.32570266723633
5085.236328125,506.3456115722656,2878.792724609375,-0.005249025300145149,-0.41671663522720337,-111.32651138305664
5086.22216796875,506.3370056152344,2879.177490234375,-0.0005798277561552823,-0.4176660478115082,-111.3270492553711
5087.216796875,506.3283996582031,2879.565185546875,0.0026388776022940874,-0.4182397723197937,-111.32740592956543
5088.2197265625,506.3196105957031,2879.95703125,0.005744841415435076,-0.41753625869750977,-111.3276424407959
5089.232421875,506.3107604980469,2880.35205078125,0.008567692711949348,-0.4176318943500519,-111.32779884338379
5090.25341796875,506.30181884765625,2880.7509765625,0.011144557036459446,-0.4179392457008362,-111.32790756225586
5091.2802734375,506.2928466796875,2881.157470703125,-0.0228881873190403,-0.4187930226325989,-111.60944747924805
5092.31103515625,506.2838439941406,2881.578369140625,-0.0897216722369194,-0.4188545048236847,-112.42325973510742
5093.34375,506.27471923828125,2882.01513671875,-0.1553650051355362,-0.41945555806159973,-113.60691261291504
5094.37841796875,506.26556396484375,2882.469970703125,-0.2225341647863388,-0.42010441422462463,-115.04079627990723
5095.4150390625,506.2562255859375,2882.939697265625,-0.24386590719223022,-0.4191277027130127,-116.28585052490234
5097.50048828125,506.2375183105469,2883.920654296875,-0.2500914931297302,-0.4179733991622925,-117.70170974731445
5097.50048828125,506.2375183105469,2883.920654296875,-0.2500914931297302,-0.4179733991622925,-117.70170974731445
5098.5478515625,506.22802734375,2884.433349609375,-0.2552184760570526,-0.41836273670196533,-118.09476852416992
5099.59814453125,506.2184753417969,2884.960205078125,-0.2552489936351776,-0.41815099120140076,-118.36377334594727
5100.65185546875,506.2088928222656,2885.49951171875,-0.25048828125,-0.4176318943500519,-118.54772567749023
5101.7109375,506.19915771484375,2886.05029296875,-0.2388610988855362,-0.4168054461479187,-118.67343711853027
5102.7744140625,506.18939208984375,2886.611083984375,-0.2217101901769638,-0.4169010519981384,-118.75932693481445
5103.84375,506.1795654296875,2887.180908203125,-0.2031555324792862,-0.4187588691711426,-118.81803512573242
5104.91943359375,506.1696472167969,2887.7587890625,-0.1827087104320526,-0.422085165977478,-118.85832595825195
5106.0009765625,506.1595458984375,2888.343994140625,-0.1636962741613388,-0.42685264348983765,-118.88610076904297
5107.08984375,506.1492004394531,2888.935791015625,-0.1439208686351776,-0.43271294236183167,-118.90534210205078
5108.18505859375,506.13861083984375,2889.533935546875,-0.12750244140625,-0.44472724199295044,-118.9185791015625
5109.2880859375,506.1277770996094,2890.1376953125,-0.1113281175494194,-0.4593780040740967,-118.92780685424805
5110.3984375,506.11663818359375,2890.7470703125,-0.0988769456744194,-0.4702175259590149,-118.93436050415039
5111.515625,506.1051025390625,2891.361572265625,-0.08721923828125,-0.473052054643631,-118.93910789489746
5112.640625,506.0934753417969,2891.981201171875,-0.0763549730181694,-0.47237586975097656,-118.94250869750977
5113.77392578125,506.0817565917969,2892.60595703125,-0.0671386569738388,-0.4716176986694336,-118.9449405670166
5114.9140625,506.06976318359375,2893.2353515625,-0.062896728515625,-0.4794860780239105,-118.94660568237305
5116.0625,506.0575256347656,2893.868896484375,-0.05651852488517761,-0.4997512400150299,-118.94772911071777
5117.21875,506.0449523925781,2894.5078125,-0.05206296965479851,-0.5184318423271179,-118.94852638244629
5118.3828125,506.0318908691406,2895.15087890625,-0.049346912652254105,-0.5222772359848022,-118.94913101196289
5119.5546875,506.01861572265625,2895.79833984375,-0.0455627366900444,-0.5217239856719971,-118.9495849609375
5120.734375,506.0052185058594,2896.4501953125,-0.0426025353372097,-0.5211707353591919,-118.94989585876465
5121.921875,505.99176025390625,2897.106689453125,-0.039855945855379105,-0.5204740762710571,-118.95009994506836
5123.1171875,505.9781188964844,2897.76708984375,-0.03778076171875,-0.5266758799552917,-118.95023345947266
5124.3203125,505.9642028808594,2898.432373046875,-0.035491932183504105,-0.540438711643219,-118.95031929016113
5125.53076171875,505.9500427246094,2899.1015625,-0.0343627892434597,-0.5565783977508545,-118.95037651062012
5126.74609375,505.9354553222656,2899.773681640625,-0.0311279259622097,-0.5696718692779541,-118.95043754577637
5127.9609375,505.9206848144531,2900.4453125,-0.029510485008358955,-0.5864263772964478,-118.95051383972168
5129.16943359375,505.90576171875,2901.11376953125,-0.026306161656975746,-0.6098334193229675,-118.95064926147461
5130.37109375,505.8908996582031,2901.772216796875,0.015081631951034069,-0.6335409879684448,-118.6805191040039
5131.5625,505.8758850097656,2902.419677734375,0.0410822331905365,-0.6550560593605042,-118.230224609375
5132.73974609375,505.8609924316406,2903.05810546875,0.04466675594449043,-0.6739142537117004,-117.90642166137695
5133.90380859375,505.84625244140625,2903.685546875,0.0514848530292511,-0.6871921420097351,-117.67069053649902
5135.05322265625,505.8316650390625,2904.3017578125,0.05855320021510124,-0.6968090534210205,-117.49699783325195
5136.1884765625,505.81732177734375,2904.90576171875,0.06809016317129135,-0.7046159505844116,-117.36758995056152
5137.30859375,505.8031921386719,2905.498779296875,0.07284609973430634,-0.7108724117279053,-117.27006912231445
5138.4130859375,505.78924560546875,2906.080322265625,0.07977086305618286,-0.7160018682479858,-117.19589233398438
5139.501953125,505.7756042480469,2906.64990234375,0.08115402609109879,-0.7201477885246277,-117.13897705078125
5140.57568359375,505.7621765136719,2907.208984375,0.08321695774793625,-0.7232965230941772,-117.09499168395996
5141.6328125,505.7489013671875,2907.7578125,0.08266843110322952,-0.7251338362693787,-117.06088447570801
5142.67529296875,505.73583984375,2908.2958984375,0.07993732392787933,-0.7264998555183411,-117.03436851501465
5143.70166015625,505.7230224609375,2908.82470703125,0.07680775970220566,-0.7272306680679321,-117.01375389099121
5144.712890625,505.7104187011719,2909.34375,0.07467151433229446,-0.7269301414489746,-116.9976863861084
5145.70751953125,505.697998046875,2909.853759765625,0.06978800892829895,-0.7259807586669922,-116.98523139953613
5146.6875,505.68572998046875,2910.355224609375,0.06749822199344635,-0.7259807586669922,-116.97558784484863
5147.6513671875,505.6737060546875,2910.84814453125,0.0643441379070282,-0.7257963418960571,-116.96818542480469
5148.6005859375,505.661865234375,2911.33251953125,0.05931488052010536,-0.7253046035766602,-116.96252632141113
5149.53564453125,505.6502685546875,2911.80908203125,0.05710672214627266,-0.7242390513420105,-116.95821571350098
5150.4560546875,505.63873291015625,2912.27783203125,0.05358298867940903,-0.7223197817802429,-116.95498466491699
5151.36279296875,505.6274108886719,2912.739990234375,0.05046042799949646,-0.7215274572372437,-116.95256996154785
5152.25634765625,505.6162414550781,2913.194580078125,0.04712836071848869,-0.720024824142456,-116.95080757141113
5153.13623046875,505.6052551269531,2913.642822265625,0.04243841767311096,-0.719294011592865,-116.94948387145996
5154.8583984375,505.5836486816406,2914.51904296875,0.03564132750034332,-0.7181670069694519,-116.94772148132324
5154.8583984375,505.5836486816406,2914.51904296875,0.03564132750034332,-0.7181670069694519,-116.94772148132324
5155.701171875,505.5730895996094,2914.94775390625,0.03232813626527786,-0.715141236782074,-116.94712257385254
5157.3515625,505.5523681640625,2915.786865234375,0.02338898368179798,-0.7114256620407104,-116.94634437561035
5157.3515625,505.5523681640625,2915.786865234375,0.02338898368179798,-0.7114256620407104,-116.94634437561035
5158.16064453125,505.5422058105469,2916.197998046875,0.019295845180749893,-0.7104489207267761,-116.9460620880127
5158.95849609375,505.5322265625,2916.603759765625,0.01731070876121521,-0.7103533148765564,-116.94581413269043
5159.74609375,505.522216796875,2917.00439453125,0.013781518675386906,-0.7078807950019836,-116.94560623168945
5160.5234375,505.512451171875,2917.399658203125,0.00980992242693901,-0.7058112025260925,-116.94541358947754
5161.2919921875,505.5028076171875,2917.7900390625,0.006622195243835449,-0.7043700218200684,-116.94525718688965
5161.2919921875,505.5028076171875,2917.7900390625,0.006622195243835449,-0.7043700218200684,-116.94525718688965
5162.80029296875,505.4837646484375,2918.556884765625,0.0006995861185714602,-0.6991859078407288,-116.94500350952148
5163.541015625,505.4744873046875,2918.933349609375,-0.0011596700642257929,-0.6956751942634583,-116.94487380981445
5164.2734375,505.4653015136719,2919.3056640625,-0.004180929157882929,-0.6943023800849915,-116.94478034973145
5164.99853515625,505.4561462402344,2919.674072265625,-0.0076293982565402985,-0.6927177309989929,-116.94467735290527
5165.7158203125,505.4471740722656,2920.038330078125,-0.007995597086846828,-0.6910443305969238,-116.94460105895996
5166.42529296875,505.4383239746094,2920.39892578125,-0.008697513490915298,-0.6885376572608948,-116.94451522827148
5167.126953125,505.4295349121094,2920.755615234375,-0.009613032452762127,-0.6857919096946716,-116.9444751739502
5167.82177734375,505.4207763671875,2921.108642578125,-0.009918205440044403,-0.6829164028167725,-116.94447326660156
5168.509765625,505.41217041015625,2921.458251953125,-0.010101322084665298,-0.6812430024147034,-116.94448280334473
5169.19189453125,505.4036560058594,2921.804931640625,-0.01080322451889515,-0.6798428297042847,-116.94449806213379
5170.537109375,505.3868103027344,2922.489013671875,-0.010681132785975933,-0.676851212978363,-116.94455337524414
5170.537109375,505.3868103027344,2922.489013671875,-0.010681132785975933,-0.676851212978363,-116.94455337524414
5171.20166015625,505.3785400390625,2922.826416015625,-0.01025390625,-0.6751641631126404,-116.9445858001709
5171.8603515625,505.3703308105469,2923.161376953125,-0.00973510555922985,-0.6738254427909851,-116.94461250305176
5172.51416015625,505.3621520996094,2923.49365234375,-0.009124747477471828,-0.6725755333900452,-116.94463539123535
5173.1630859375,505.35406494140625,2923.82373046875,-0.00936888623982668,-0.670717716217041,-116.94466781616211
5173.8076171875,505.34600830078125,2924.151123046875,-0.00891112256795168,-0.6693175435066223,-116.94467544555664
5174.44775390625,505.3379821777344,2924.4765625,-0.009460453875362873,-0.667999267578125,-116.9446964263916
5175.083984375,505.3299865722656,2924.799560546875,-0.009613020345568657,-0.6662917733192444,-116.94471549987793
5175.71630859375,505.3221130371094,2925.120849609375,-0.008422842249274254,-0.664372444152832,-116.94474220275879
5176.3447265625,505.3142395019531,2925.440185546875,-0.009521479718387127,-0.6628971695899963,-116.94476127624512
5176.97021484375,505.3064270019531,2925.758056640625,-0.00878906436264515,-0.6617428660392761,-116.94478034973145
5177.59228515625,505.2987060546875,2926.073974609375,-0.008972168900072575,-0.6601240634918213,-116.94479179382324
5178.2109375,505.291015625,2926.388671875,-0.008148194290697575,-0.6589356064796448,-116.94480323791504
5178.8271484375,505.2833557128906,2926.701904296875,-0.00814819149672985,-0.6577403545379639,-116.94479751586914
5179.4404296875,505.2756652832031,2927.013671875,-0.009551993571221828,-0.6565518975257874,-116.94483375549316
5180.0517578125,505.2680358886719,2927.32470703125,-0.008728032000362873,-0.6555478572845459,-116.94481658935547
5180.66064453125,505.2604064941406,2927.634033203125,-0.007080072537064552,-0.6547282338142395,-116.94486045837402
5181.26806640625,505.2528076171875,2927.942626953125,-0.007293714676052332,-0.6531026363372803,-116.94480323791504
5181.87353515625,505.24517822265625,2928.25048828125,-0.008514408953487873,-0.6520712971687317,-116.94491577148438
5182.4775390625,505.2373352050781,2928.557861328125,-0.009643534198403358,-0.6679036617279053,-116.9447250366211
5183.08056640625,505.229248046875,2928.864013671875,-0.010070811957120895,-0.6941179633140564,-116.94507598876953
5183.681640625,505.22100830078125,2929.170166015625,-0.010803216136991978,-0.72234708070755,-116.94435119628906
5184.283203125,505.2127990722656,2929.4755859375,-0.010131852701306343,-0.7502689361572266,-116.94569396972656
5184.8828125,505.20440673828125,2929.7802734375,-0.010925288312137127,-0.7703223824501038,-116.94333839416504
5185.48291015625,505.1951904296875,2930.0849609375,-0.012268059886991978,-0.7972127795219421,-116.94686889648438
5186.08251953125,505.18511962890625,2930.389404296875,-0.012634282000362873,-0.8469843864440918,-116.94260025024414
5186.68212890625,505.17474365234375,2930.694091796875,-0.012908936478197575,-0.9022201299667358,-116.94754600524902
5187.28125,505.1643371582031,2930.998291015625,-0.011199966073036194,-0.9576061367988586,-116.9423942565918
5188.48193359375,505.1419372558594,2931.607421875,-0.015319804660975933,-1.0361328125,-116.94262886047363
5188.48193359375,505.1419372558594,2931.607421875,-0.015319804660975933,-1.0361328125,-116.94262886047363
5189.0830078125,505.1288146972656,2931.91357421875,-0.01672366075217724,-1.096928358078003,-116.94756126403809
5189.68505859375,505.1150207519531,2932.2197265625,-0.017639171332120895,-1.1659542322158813,-116.94279289245605
5190.2880859375,505.1011962890625,2932.52587890625,-0.016815146431326866,-1.2367832660675049,-116.94738960266113
5190.892578125,505.08721923828125,2932.833740234375,-0.016021747142076492,-1.3046616315841675,-116.94292640686035
5191.4990234375,505.0721740722656,2933.1416015625,-0.019012434408068657,-1.3254050016403198,-116.94711875915527
5192.10791015625,505.056396484375,2933.451171875,-0.020202621817588806,-1.3223860263824463,-116.94317626953125
5192.7177734375,505.04052734375,2933.761474609375,-0.019897473976016045,-1.3153373003005981,-116.94682121276855
5193.33056640625,505.02435302734375,2934.07275390625,-0.02084352821111679,-1.3197906017303467,-116.94340133666992
5193.9453125,505.0070495605469,2934.385009765625,-0.023254359140992165,-1.385462760925293,-116.94636535644531
5194.5625,504.9890441894531,2934.69873046875,-0.023162826895713806,-1.4734834432601929,-116.94361686706543
5195.18212890625,504.9707336425781,2935.013671875,-0.02279661037027836,-1.5657660961151123,-116.94589424133301
5195.8046875,504.95233154296875,2935.330322265625,-0.023651134222745895,-1.6580146551132202,-116.94392204284668
5196.431640625,504.93267822265625,2935.648681640625,-0.023529037833213806,-1.6928964853286743,-116.94547462463379
5197.0615234375,504.9118957519531,2935.968994140625,-0.025909423828125,-1.6938799619674683,-116.9443130493164
5197.6953125,504.89068603515625,2936.291259765625,-0.02490236796438694,-1.6863394975662231,-116.94502830505371
5198.33251953125,504.869140625,2936.615234375,-0.02774047665297985,-1.690307855606079,-116.94447326660156
5198.9736328125,504.8464050292969,2936.94091796875,-0.028991732746362686,-1.7578719854354858,-116.94469451904297
5199.61865234375,504.82275390625,2937.268798828125,-0.02673342451453209,-1.8502503633499146,-116.94450187683105
5200.26806640625,504.798828125,2937.5986328125,-0.028198223561048508,-1.947020411491394,-116.94449806213379
5200.92236328125,504.7745666503906,2937.93115234375,-0.02944953925907612,-2.0380258560180664,-116.94441795349121
5201.58154296875,504.7486267089844,2938.26611328125,-0.029846161603927612,-2.0640830993652344,-116.94437026977539
5202.2431640625,504.7217102050781,2938.6083984375,-0.0735168308019638,-2.061152935028076,-117.21371841430664
5202.90380859375,504.6944274902344,2938.962646484375,-0.1579589545726776,-2.0541110038757324,-117.96768379211426
5203.5634765625,504.6663513183594,2939.3291015625,-0.24899284541606903,-2.079826593399048,-118.99938583374023
5204.2216796875,504.63702392578125,2939.708740234375,-0.3358460068702698,-2.1607916355133057,-120.18496131896973
5204.8779296875,504.6070251464844,2940.102783203125,-0.42254638671875,-2.2548160552978516,-121.47065925598145
5206.1826171875,504.5453796386719,2940.940185546875,-0.6103821396827698,-2.403317928314209,-124.22119522094727
5206.1826171875,504.5453796386719,2940.940185546875,-0.6103821396827698,-2.403317928314209,-124.22119522094727
5206.8291015625,504.5124206542969,2941.38525390625,-0.7018736004829407,-2.4001147747039795,-125.65916061401367
5207.4755859375,504.4788513183594,2941.843017578125,-0.7287293076515198,-2.384733200073242,-126.74734497070312
5208.1240234375,504.44476318359375,2942.3115234375,-0.72991943359375,-2.3806145191192627,-127.35889434814453
5208.1240234375,504.44476318359375,2942.3115234375,-0.72991943359375,-2.3806145191192627,-127.35889434814453
5209.4267578125,504.37396240234375,2943.280029296875,-0.6959837675094604,-2.4755542278289795,-127.89773559570312
5210.0830078125,504.3376159667969,2943.778564453125,-0.6508179306983948,-2.552304983139038,-128.00726318359375
5210.744140625,504.30035400390625,2944.285888671875,-0.6288451552391052,-2.6023223400115967,-128.0720100402832
5211.41064453125,504.26190185546875,2944.80126953125,-0.6010740995407104,-2.619199752807617,-128.11124801635742
5212.0830078125,504.2222900390625,2945.32275390625,-0.5376280546188354,-2.6289329528808594,-128.13479232788086
5212.76171875,504.18206787109375,2945.85205078125,-0.48879995942115784,-2.624356508255005,-128.14938354492188
5213.44775390625,504.1416015625,2946.3876953125,-0.4566347301006317,-2.6281747817993164,-128.15845108032227
5214.1416015625,504.1002502441406,2946.93017578125,-0.402130126953125,-2.63818097114563,-128.16440963745117
5214.84130859375,504.0584716796875,2947.479248046875,-0.35635384917259216,-2.6391849517822266,-128.1686897277832
5215.5498046875,504.0163879394531,2948.034912109375,-0.31845101714134216,-2.650632381439209,-128.1720085144043
5215.5498046875,504.0163879394531,2948.034912109375,-0.31845101714134216,-2.650632381439209,-128.1720085144043
5216.99072265625,503.930419921875,2949.165771484375,-0.2429504543542862,-2.6400387287139893,-128.17702102661133
5217.7236328125,503.886474609375,2949.740966796875,-0.1999511420726776,-2.6426615715026855,-128.17905044555664
5218.46435546875,503.84228515625,2950.322509765625,-0.16821281611919403,-2.6548192501068115,-128.18096923828125
5219.212890625,503.7971496582031,2950.91064453125,-0.1302490234375,-2.669886589050293,-128.18285751342773
5219.96923828125,503.7517395019531,2951.505615234375,-0.09530645608901978,-2.663602828979492,-128.1847381591797
5220.7333984375,503.7058410644531,2952.106689453125,-0.05694584548473358,-2.6645796298980713,-128.18663024902344
5221.50634765625,503.6590881347656,2952.714599609375,-0.019744811579585075,-2.655454397201538,-128.1884880065918
5222.28759765625,503.6120300292969,2953.328369140625,0.014449689537286758,-2.669975519180298,-128.1902732849121
5223.0771484375,503.5646667480469,2953.94873046875,0.04779280349612236,-2.6624417304992676,-128.1921615600586
5223.8740234375,503.5166320800781,2954.575439453125,0.08701834082603455,-2.6673526763916016,-128.19406127929688
5224.6787109375,503.4678649902344,2955.208984375,0.1260748654603958,-2.657865524291992,-128.19600677490234
5225.4912109375,503.41888427734375,2955.8486328125,0.1677178144454956,-2.6797494888305664,-128.19788360595703
5226.31201171875,503.3688049316406,2956.494384765625,0.21622474491596222,-2.702418804168701,-128.19985580444336
5227.1396484375,503.3175354003906,2957.146728515625,0.2692610025405884,-2.7680978775024414,-128.20192337036133
5227.97314453125,503.2648620605469,2957.80908203125,0.291850745677948,-2.8451218605041504,-128.47295379638672
5228.80615234375,503.21051025390625,2958.48583984375,0.25926217436790466,-2.9292290210723877,-129.26502227783203
5229.6376953125,503.1542053222656,2959.1787109375,0.20082895457744598,-2.995816469192505,-130.42506790161133
5230.46630859375,503.09588623046875,2959.889404296875,0.15189304947853088,-3.0674445629119873,-131.82783126831055
5231.28955078125,503.0357360839844,2960.619873046875,0.07914593815803528,-3.1371467113494873,-133.39969635009766
5232.10498046875,502.97393798828125,2961.371826171875,-0.005187996197491884,-3.212367534637451,-135.08652877807617
5232.9111328125,502.909912109375,2962.147216796875,-0.06750483065843582,-3.283353805541992,-136.85821914672852
5233.70068359375,502.8444519042969,2962.94873046875,-0.2019653022289276,-3.3564982414245605,-138.87616348266602
5234.4677734375,502.777099609375,2963.778564453125,-0.36465442180633545,-3.429471969604492,-141.30585861206055
5235.216796875,502.7079162597656,2964.63427734375,-0.455596923828125,-3.5020084381103516,-143.64065551757812
5235.9541015625,502.63690185546875,2965.5126953125,-0.4694823622703552,-3.5640811920166016,-145.35325241088867
5236.67626953125,502.565185546875,2966.41552734375,-0.4703062176704407,-3.5578930377960205,-146.62847518920898
5237.3828125,502.493896484375,2967.3427734375,-0.4589233100414276,-3.433932065963745,-147.5968360900879
5238.07470703125,502.4244384765625,2968.29345703125,-0.41964733600616455,-3.205660343170166,-148.32197189331055
5238.75146484375,502.3584899902344,2969.265869140625,-0.391265869140625,-2.9382309913635254,-148.8383331298828
5239.41650390625,502.296875,2970.258056640625,-0.3294374644756317,-2.7085249423980713,-149.18280792236328
5240.07177734375,502.23919677734375,2971.267333984375,-0.2491455227136612,-2.532681703567505,-149.40579223632812
5240.720703125,502.1842346191406,2972.292236328125,-0.19256591796875,-2.458615303039551,-149.54054641723633
5241.36572265625,502.13043212890625,2973.33056640625,-0.11871334910392761,-2.4885177612304688,-149.61774063110352
5242.0078125,502.07537841796875,2974.381103515625,-0.059112388640642166,-2.5921590328216553,-149.66238403320312
5242.650390625,502.0188903808594,2975.443603515625,-0.01141353603452444,-2.6999120712280273,-149.69355392456055
5243.2890625,501.9596862792969,2976.51904296875,-0.0047912574373185635,-2.754546880722046,-149.9839324951172
5243.2890625,501.9596862792969,2976.51904296875,-0.0047912574373185635,-2.754546880722046,-149.9839324951172
5244.54248046875,501.8302307128906,2978.712646484375,-0.13052351772785187,-3.1131591796875,-151.82372665405273
5245.15283203125,501.7606506347656,2979.833251953125,-0.23199467360973358,-3.2386159896850586,-153.24452209472656
5245.75048828125,501.6867370605469,2980.971923828125,-0.3571779429912567,-3.3032774925231934,-154.8782730102539
5246.91064453125,501.5317077636719,2983.29638671875,-0.5068968534469604,-3.4669764041900635,-157.37451934814453
5247.47314453125,501.4510803222656,2984.483642578125,-0.5586546659469604,-3.4764089584350586,-158.17733001708984
5247.47314453125,501.4510803222656,2984.483642578125,-0.5586546659469604,-3.4764089584350586,-158.17733001708984
5248.02197265625,501.36932373046875,2985.68701171875,-0.5980224013328552,-3.466949224472046,-158.77340698242188
5248.55859375,501.28704833984375,2986.906494140625,-0.6260985136032104,-3.455385684967041,-159.2098617553711
5249.08349609375,501.2056884765625,2988.1416015625,-0.629638671875,-3.3767361640930176,-159.53900146484375
5249.60009765625,501.12896728515625,2989.39306640625,-0.5959166288375854,-3.0331435203552246,-159.81167602539062
5250.1083984375,501.05963134765625,2990.66015625,-0.5587157607078552,-2.447502613067627,-160.02944946289062
5250.6083984375,500.9992370605469,2991.939697265625,-0.49975594878196716,-2.0011565685272217,-160.1636199951172
5251.1025390625,500.9476013183594,2993.229248046875,-0.4427794814109802,-1.8908352851867676,-160.2253875732422
5251.5927734375,500.8995056152344,2994.529296875,-0.3873596787452698,-1.9809528589248657,-160.25206756591797
5252.0810546875,500.8499755859375,2995.839111328125,-0.3397826552391052,-2.118096113204956,-160.26830291748047
5252.56884765625,500.797607421875,2997.159423828125,-0.2880247235298157,-2.2465720176696777,-160.28160095214844
5253.05615234375,500.74176025390625,2998.489501953125,-0.2475585639476776,-2.328035593032837,-160.29478454589844
5253.546875,500.68359375,2999.830322265625,-0.2013244479894638,-2.361776828765869,-160.3069610595703
5254.03759765625,500.6236572265625,3001.18017578125,-0.15386973321437836,-2.3630335330963135,-160.31746673583984
5254.5302734375,500.56292724609375,3002.540283203125,-0.10739137977361679,-2.365417242050171,-160.32576751708984
5255.0244140625,500.5015563964844,3003.908935546875,-0.06518538296222687,-2.3727052211761475,-160.33226013183594
5255.52197265625,500.43975830078125,3005.287109375,-0.025909539312124252,-2.375758171081543,-160.3373565673828
5256.0205078125,500.3775329589844,3006.674560546875,0.017214259132742882,-2.3655948638916016,-160.3417205810547
5256.517578125,500.31494140625,3008.072021484375,0.00409284234046936,-2.362855911254883,-160.6254119873047
5257.00439453125,500.2522277832031,3009.4814453125,-0.050598204135894775,-2.3668789863586426,-161.45150756835938
5257.47998046875,500.1896667480469,3010.903564453125,-0.1361083686351776,-2.3348658084869385,-162.6997528076172
5257.93994140625,500.1282653808594,3012.33984375,-0.2368469089269638,-2.2312588691711426,-164.27430725097656
5258.38623046875,500.0691223144531,3013.7900390625,-0.29882821440696716,-2.075434923171997,-165.72086334228516
5258.81884765625,500.0138244628906,3015.253173828125,-0.3272399604320526,-1.9000834226608276,-166.79108428955078
5259.236328125,499.962890625,3016.729736328125,-0.3459472060203552,-1.7134416103363037,-167.58733367919922
5259.236328125,499.962890625,3016.729736328125,-0.3459472060203552,-1.7134416103363037,-167.58733367919922
5260.0205078125,499.87493896484375,3019.721923828125,-0.36813342571258545,-1.374507188796997,-168.60877990722656
5260.388671875,499.83782958984375,3021.236083984375,-0.3642273247241974,-1.2005559206008911,-168.9309310913086
5260.7431640625,499.8052978515625,3022.762451171875,-0.3489684462547302,-1.0333187580108643,-169.16661834716797
5261.0859375,499.7767028808594,3024.300048828125,-0.3223266303539276,-0.9071651697158813,-169.33306121826172
5261.42041015625,499.7506103515625,3025.847412109375,-0.2919616997241974,-0.8730483651161194,-169.44215393066406
5262.0673828125,499.698974609375,3028.97216796875,-0.2125549167394638,-0.973930299282074,-169.5649642944336
5262.0673828125,499.698974609375,3028.97216796875,-0.2125549167394638,-0.973930299282074,-169.5649642944336
5262.69677734375,499.63995361328125,3032.13525390625,-0.12353512644767761,-1.1240304708480835,-169.6327362060547
5262.69677734375,499.63995361328125,3032.13525390625,-0.12353512644767761,-1.1240304708480835,-169.6327362060547
5263.0068359375,499.6070556640625,3033.731201171875,-0.08077996224164963,-1.1831321716308594,-169.65711975097656
5263.31494140625,499.57220458984375,3035.33544921875,-0.0404663011431694,-1.219632625579834,-169.67761993408203
5263.62060546875,499.5362854003906,3036.946533203125,-0.006866408511996269,-1.232507586479187,-169.69440460205078
5263.923828125,499.4999084472656,3038.556884765625,0.026842765510082245,-1.242582082748413,-169.70723724365234
5264.22314453125,499.4635314941406,3040.159912109375,0.0493045337498188,-1.267881155014038,-169.71751403808594
5264.5185546875,499.4268493652344,3041.751220703125,0.07800521701574326,-1.3186293840408325,-169.7262420654297
5264.810546875,499.3888854980469,3043.326904296875,0.09536278247833252,-1.4321608543395996,-169.7332763671875
5265.1015625,499.35675048828125,3044.887451171875,1.2096102237701416,-1.1397672891616821,-169.9657211303711
5265.31298828125,499.33392333984375,3046.348876953125,2.2159221172332764,-0.8306875824928284,-170.81582641601562
5265.4716796875,499.306640625,3047.733642578125,3.069610595703125,-1.200713038444519,-171.83778381347656
5265.6318359375,499.2681579589844,3049.10107421875,3.8578076362609863,-1.7951648235321045,-172.48868560791016
5265.79443359375,499.2188415527344,3050.451171875,4.385286808013916,-2.321779251098633,-172.62191772460938
5265.95849609375,499.1599426269531,3051.783447265625,4.570809841156006,-2.7127597332000732,-172.30754852294922
5266.12548828125,499.0926208496094,3053.096923828125,4.4632887840271,-2.9728124141693115,-171.62582397460938
5266.2978515625,499.0181579589844,3054.39111328125,4.116203308105469,-3.1354665756225586,-170.66254425048828
5266.4775390625,498.938232421875,3055.666259765625,3.6304268836975098,-3.207094669342041,-169.48081970214844
5266.66796875,498.85479736328125,3056.920654296875,3.0612356662750244,-3.1488330364227295,-168.1135025024414
5266.8759765625,498.77069091796875,3058.1533203125,2.6552815437316895,-2.9157392978668213,-166.46625518798828
5267.1103515625,498.6915588378906,3059.359375,2.740877389907837,-2.612731695175171,-164.57877349853516
5267.3759765625,498.62127685546875,3060.534423828125,3.4183547496795654,-2.3164312839508057,-162.6149139404297
5267.9599609375,498.49920654296875,3062.781494140625,5.112817764282227,-1.5938655138015747,-158.54238891601562
5267.9599609375,498.49920654296875,3062.781494140625,5.112817764282227,-1.5938655138015747,-158.54238891601562
5268.21484375,498.44134521484375,3063.824951171875,4.943267822265625,-1.5461976528167725,-157.65213012695312
5268.494140625,498.3830871582031,3064.841796875,5.048417091369629,-1.4624868631362915,-157.07823181152344
5268.78759765625,498.3263854980469,3065.830810546875,5.065074920654297,-1.3899229764938354,-156.9491195678711
5269.0947265625,498.2720642089844,3066.7939453125,5.137337684631348,-1.3005430698394775,-157.06505584716797
5269.4130859375,498.2205810546875,3067.73388671875,5.218310832977295,-1.2076798677444458,-157.34798431396484
5269.732421875,498.17633056640625,3068.646728515625,5.572931289672852,-1.3252546787261963,-157.7403564453125
5270.05126953125,498.1366271972656,3069.53955078125,6.0239739418029785,-1.5421199798583984,-158.12569427490234
5270.3701171875,498.09771728515625,3070.41650390625,6.34619665145874,-1.7732535600662231,-158.36605834960938
5270.9990234375,498.019287109375,3072.128173828125,6.553639888763428,-2.139037609100342,-158.5749969482422
5270.9990234375,498.019287109375,3072.128173828125,6.553639888763428,-2.139037609100342,-158.5749969482422
5271.306640625,497.979248046875,3072.964111328125,6.408636569976807,-2.2726428508758545,-158.60186004638672
5271.90869140625,497.8970642089844,3074.59765625,5.6586103439331055,-2.4778079986572266,-158.56868743896484
5271.90869140625,497.8970642089844,3074.59765625,5.6586103439331055,-2.4778079986572266,-158.56868743896484
5272.203125,497.8551940917969,3075.3955078125,5.074832439422607,-2.5651867389678955,-158.52318572998047
5272.4931640625,497.81298828125,3076.180908203125,4.359081268310547,-2.636138677597046,-158.4647445678711
5272.779296875,497.77069091796875,3076.9541015625,3.5116491317749023,-2.7059569358825684,-158.3932876586914
5273.0615234375,497.72796630859375,3077.71484375,2.541722297668457,-2.7649219036102295,-158.3134994506836
5273.34033203125,497.6849060058594,3078.46435546875,1.474126935005188,-2.815547227859497,-158.22466278076172
5273.6181640625,497.6434020996094,3079.200927734375,0.5629645586013794,-2.776519536972046,-158.0811767578125
5273.8984375,497.606201171875,3079.92578125,0.08378126472234726,-2.549436330795288,-157.87278747558594
5274.1767578125,497.5713806152344,3080.638427734375,-0.3255003094673157,-2.2790768146514893,-157.64991760253906
5274.45654296875,497.5404968261719,3081.33740234375,-0.4808654487133026,-2.135376453399658,-157.50177001953125
5274.736328125,497.5135803222656,3082.0234375,-0.447662353515625,-2.1119353771209717,-157.4275894165039
5275.013671875,497.4881591796875,3082.697998046875,-0.3959350883960724,-2.116456985473633,-157.3876190185547
5275.2880859375,497.4633483886719,3083.36279296875,-0.35287484526634216,-2.132507801055908,-157.36539459228516
5275.55908203125,497.4385681152344,3084.017822265625,-0.3225098252296448,-2.1379036903381348,-157.3523406982422
5275.8271484375,497.4139709472656,3084.663330078125,-0.3153989613056183,-2.138334035873413,-157.3447036743164
5276.09228515625,497.3895263671875,3085.300048828125,-0.31256118416786194,-2.142787218093872,-157.34004974365234
5276.3544921875,497.3650207519531,3085.927978515625,-0.3028259575366974,-2.1411070823669434,-157.3369903564453
5276.61279296875,497.3408508300781,3086.5478515625,-0.31121817231178284,-2.1411685943603516,-157.33494567871094
5276.86865234375,497.3170471191406,3087.15869140625,-0.3214415907859802,-2.1343929767608643,-157.3334197998047
5277.12109375,497.29345703125,3087.762451171875,-0.3414917588233948,-2.1311895847320557,-157.33234405517578
5277.37060546875,497.26995849609375,3088.359375,-0.3458862602710724,-2.127009630203247,-157.33116912841797
5277.6171875,497.246826171875,3088.948486328125,-0.35919198393821716,-2.122563123703003,-157.330322265625
5277.8603515625,497.22406005859375,3089.531494140625,-0.36941543221473694,-2.1130008697509766,-157.3291473388672
5278.10107421875,497.20172119140625,3090.107421875,-0.3939514458179474,-2.1065053939819336,-157.32878875732422
5278.33935546875,497.1795654296875,3090.677001953125,-0.40628042817115784,-2.096430778503418,-157.32682037353516
