2593.628173828125,102.92359161376953,4352.80712890625,-0.0924987643957138,0.18524155020713806,18.656646728515625
2593.535888671875,102.92436981201172,4352.5107421875,-0.061492882668972015,0.18791215121746063,18.293846130371094
2593.43701171875,102.92515563964844,4352.20263671875,-0.031402587890625,0.189899742603302,18.216102600097656
2593.33349609375,102.92596435546875,4351.8837890625,-0.017364496365189552,0.19021393358707428,18.18653106689453
2593.22607421875,102.92689514160156,4351.55419921875,-0.0171203650534153,0.19205807149410248,18.21324920654297
2593.11474609375,102.92804718017578,4351.21337890625,-0.01809692569077015,0.20396310091018677,18.22613525390625
2592.99951171875,102.92937469482422,4350.86181640625,-0.018646249547600746,0.21795132756233215,18.263877868652344
2592.88037109375,102.93071746826172,4350.5,-0.017974866554141045,0.2352590262889862,18.274765014648438
2592.7578125,102.93219757080078,4350.1279296875,-0.02584838680922985,0.2615484297275543,18.31031036376953
2592.631103515625,102.93389129638672,4349.7451171875,-0.028625497594475746,0.29850655794143677,18.313064575195312
2592.505615234375,102.93573760986328,4349.3525390625,-0.05676266923546791,0.33602479100227356,18.126251220703125
2592.385498046875,102.9376449584961,4348.94921875,-0.0961913913488388,0.3743831515312195,17.53588104248047
2592.26904296875,102.93980407714844,4348.53466796875,-0.12442018836736679,0.4057542085647583,16.81268310546875
2592.15576171875,102.94227600097656,4348.109375,-0.1379089206457138,0.4276927709579468,15.972702026367188
2592.04638671875,102.94524383544922,4347.67138671875,-0.15319819748401642,0.4676561951637268,15.121589660644531
2591.93505859375,102.94888305664062,4347.22314453125,-0.1239013597369194,0.5188621282577515,14.521163940429688
2591.8193359375,102.95310974121094,4346.76513671875,-0.08694460242986679,0.5621245503425598,14.293609619140625
2591.700439453125,102.95772552490234,4346.29638671875,-0.07000732421875,0.6110833287239075,14.176948547363281
2591.579345703125,102.9630126953125,4345.81640625,-0.06158449128270149,0.6870896816253662,14.149024963378906
2591.45556640625,102.96869659423828,4345.32568359375,-0.05566404387354851,0.7731500267982483,14.119331359863281
2591.329345703125,102.97486114501953,4344.82470703125,-0.056579604744911194,0.8487670421600342,14.123336791992188
2591.2001953125,102.9818344116211,4344.3125,-0.05526727810502052,0.8986479640007019,14.111274719238281
2591.068603515625,102.98918914794922,4343.7890625,-0.05264284461736679,0.9418215751647949,14.118721008300781
2590.9345703125,102.99700164794922,4343.25537109375,-0.05487056076526642,0.9700507521629333,14.111381530761719
2590.7978515625,103.00566101074219,4342.7119140625,-0.055999692529439926,0.9706381559371948,14.117073059082031
2590.658447265625,103.01473236083984,4342.15771484375,-0.05667109787464142,0.9644362926483154,14.112693786621094
2590.5166015625,103.02400207519531,4341.59326171875,-0.05630490928888321,0.958084225654602,14.116325378417969
2590.3720703125,103.03338623046875,4341.0185546875,-0.05566403642296791,0.9515067934989929,14.113563537597656
2590.22509765625,103.04286193847656,4340.43408203125,-0.05560304969549179,0.9470056891441345,14.115798950195312
2590.08056640625,103.05245208740234,4339.8388671875,-0.0870056226849556,0.9432764053344727,13.850326538085938
2589.944580078125,103.0621337890625,4339.23193359375,-0.1307983249425888,0.9406877756118774,13.124786376953125
2589.816162109375,103.07195281982422,4338.6142578125,-0.15759269893169403,0.9391714334487915,12.148338317871094
2589.69677734375,103.08186340332031,4337.9853515625,-0.17297358810901642,0.9381811022758484,11.040840148925781
2589.57958984375,103.09188079833984,4337.345703125,-0.14337153732776642,0.9368491768836975,10.225875854492188
2589.461669921875,103.10220336914062,4336.69580078125,-0.10488898307085037,0.943966269493103,9.825096130371094
2589.3447265625,103.11329650878906,4336.03564453125,-0.0804443210363388,0.9828641414642334,9.628768920898438
2589.228271484375,103.12493896484375,4335.36572265625,-0.0662231594324112,1.0324649810791016,9.531295776367188
2589.111572265625,103.1368408203125,4334.68603515625,-0.057647641748189926,1.0849617719650269,9.482261657714844
2588.99462890625,103.14894104003906,4333.99658203125,-0.04821774363517761,1.1384899616241455,9.457412719726562
2588.876953125,103.16236114501953,4333.29736328125,-0.0375976525247097,1.1876263618469238,9.444915771484375
2588.75830078125,103.17789459228516,4332.58837890625,-0.02920539304614067,1.2808653116226196,9.438377380371094
2588.638427734375,103.19447326660156,4331.8701171875,-0.02603139914572239,1.3873547315597534,9.435005187988281
2588.51708984375,103.21156311035156,4331.142578125,-0.02346816100180149,1.49695885181427,9.433242797851562
2588.39453125,103.22931671142578,4330.40576171875,-0.01873776502907276,1.5882989168167114,9.432426452636719
2588.2705078125,103.24955749511719,4329.65966796875,-0.014251689426600933,1.6397712230682373,9.432167053222656
2588.14501953125,103.27132415771484,4328.90478515625,-0.014129637740552425,1.6893310546875,9.43206787109375
2588.017822265625,103.29374694824219,4328.140625,-0.016906751319766045,1.740079402923584,9.432106018066406
2587.889404296875,103.3165512084961,4327.36767578125,-0.01708979345858097,1.7905750274658203,9.432266235351562
2587.759521484375,103.34034729003906,4326.58544921875,-0.015655431896448135,1.807431936264038,9.432426452636719
2587.628173828125,103.36488342285156,4325.79443359375,-0.01577756740152836,1.8057926893234253,9.432586669921875
2587.4951171875,103.38976287841797,4324.9951171875,-0.016723595559597015,1.8003625869750977,9.432746887207031
2587.36083984375,103.41490173339844,4324.185546875,-0.017059344798326492,1.7943247556686401,9.432807922363281
2587.224853515625,103.44023132324219,4323.3671875,-0.016723547130823135,1.789236307144165,9.432876586914062
2587.08740234375,103.46575927734375,4322.5400390625,-0.015838623046875,1.7849059104919434,9.432968139648438
2586.948486328125,103.49147033691406,4321.7041015625,-0.01492312178015709,1.7819416522979736,9.433029174804688
2586.807861328125,103.51740264892578,4320.85888671875,-0.014709501527249813,1.779462218284607,9.433052062988281
2586.666015625,103.54353332519531,4320.0048828125,-0.014221055433154106,1.7778093814849854,9.433074951171875
2586.522705078125,103.56993103027344,4319.1416015625,-0.014282169751822948,1.7761632204055786,9.433113098144531
2586.3828125,103.59654998779297,4318.26953125,-0.040832579135894775,1.7746402025222778,9.15679931640625
2586.25341796875,103.62340545654297,4317.3876953125,-0.0769347995519638,1.7729735374450684,8.36968994140625
2586.12841796875,103.65048217773438,4316.49609375,-0.062042199075222015,1.7722768783569336,7.621086120605469
2586.00390625,103.67782592773438,4315.595703125,-0.0351257286965847,1.7718192338943481,7.1749267578125
2585.882080078125,103.70542907714844,4314.685546875,-0.019836338236927986,1.7708425521850586,6.907814025878906
2585.763427734375,103.73348236083984,4313.76904296875,-0.009063619188964367,1.7827134132385254,6.748008728027344
2585.648193359375,103.76217651367188,4312.85205078125,-0.002319267950952053,1.8168848752975464,6.653190612792969
2585.536376953125,103.791015625,4311.939453125,0.004047509748488665,1.8530712127685547,6.59661865234375
2585.427490234375,103.81993865966797,4311.0361328125,0.016211064532399178,1.8868123292922974,6.5623016357421875
2585.32177734375,103.85044860839844,4310.14306640625,0.02842504158616066,1.9507019519805908,6.5405731201171875
2585.218505859375,103.88168334960938,4309.26220703125,0.03766385093331337,2.030048131942749,6.526603698730469
2585.12255859375,103.91282653808594,4308.39453125,0.022190339863300323,2.111368417739868,6.253875732421875
2585.040283203125,103.94486236572266,4307.54052734375,0.012496103532612324,2.177669048309326,5.494537353515625
2584.971923828125,103.97856140136719,4306.7001953125,0.014977674931287766,2.2509024143218994,4.4234466552734375
2584.917724609375,104.01248168945312,4305.87353515625,0.030061041936278343,2.325235366821289,3.1796112060546875
2584.879150390625,104.04596710205078,4305.06103515625,0.05687037482857704,2.395620346069336,1.8421478271484375
2584.862060546875,104.08043670654297,4304.263671875,0.09409406036138535,2.4479737281799316,0.2415924072265625
2584.871337890625,104.11568450927734,4303.4833984375,0.11881931126117706,2.502547025680542,-1.78106689453125
2584.90673828125,104.1505126953125,4302.720703125,0.16156616806983948,2.55307674407959,-4.057685852050781
2584.968994140625,104.1844482421875,4301.9755859375,0.2260400801897049,2.5947067737579346,-6.4763946533203125
2585.058837890625,104.21845245361328,4301.24951171875,0.3516196310520172,2.6095829010009766,-8.961189270019531
2585.1796875,104.25264739990234,4300.54541015625,0.44160759449005127,2.616884469985962,-11.644691467285156
2585.33349609375,104.285888671875,4299.8671875,0.5256229043006897,2.614445924758911,-14.637969970703125
2585.518798828125,104.31763458251953,4299.21533203125,0.6252193450927734,2.600492000579834,-17.821975708007812
2585.734375,104.34815216064453,4298.591796875,0.7834545373916626,2.5679733753204346,-21.10564422607422
2585.9814453125,104.3775863647461,4298.0,0.9574781656265259,2.5064401626586914,-24.54802703857422
2586.259521484375,104.40556335449219,4297.44384765625,1.0923864841461182,2.4209330081939697,-28.236072540283203
2586.566650390625,104.43148040771484,4296.92529296875,1.2272374629974365,2.318650960922241,-32.07435607910156
2586.8994140625,104.45465850830078,4296.44384765625,1.2936384677886963,2.1699235439300537,-35.957611083984375
2587.05908203125,104.49174499511719,4296.0986328125,0.4585014879703522,2.135164737701416,-39.544376373291016
2587.07763671875,104.52730560302734,4295.859375,-0.4730224311351776,2.514090061187744,-43.08103942871094
2587.134033203125,104.55423736572266,4295.6455078125,-1.4433592557907104,3.1078450679779053,-45.98283386230469
2587.22216796875,104.57778930664062,4295.46484375,-2.627258539199829,3.7767529487609863,-47.96479034423828
2587.332763671875,104.60028076171875,4295.31591796875,-3.994569778442383,4.440346717834473,-48.97093963623047
2587.45166015625,104.62469482421875,4295.1884765625,-5.151614189147949,4.944161891937256,-49.3189697265625
2587.56982421875,104.65068054199219,4295.0703125,-5.566256999969482,5.400466442108154,-49.39511489868164
2587.68798828125,104.6666259765625,4294.95654296875,-4.91085958480835,5.821014881134033,-49.37168502807617
2587.806640625,104.67467498779297,4294.84716796875,-3.657562732696533,6.351132869720459,-49.337894439697266
2587.92626953125,104.67731475830078,4294.740234375,-2.103668451309204,7.011468887329102,-49.311126708984375
2588.045654296875,104.68290710449219,4294.638671875,-0.9326476454734802,7.496903896331787,-49.264564514160156
2588.16259765625,104.69176483154297,4294.5390625,-0.052612386643886566,7.850830554962158,-49.222991943359375
2588.277587890625,104.69878387451172,4294.44384765625,0.2571223974227905,7.98539924621582,-49.194786071777344
2588.389892578125,104.70388793945312,4294.34912109375,0.2764770984649658,8.021961212158203,-49.17596435546875
2588.49951171875,104.70811462402344,4294.255859375,0.20349206030368805,8.033169746398926,-49.155826568603516
2588.607421875,104.7120361328125,4294.16259765625,0.11285978555679321,8.054520606994629,-49.137908935546875
2588.71337890625,104.7160415649414,4294.0712890625,0.03659061715006828,8.087674140930176,-49.118629455566406
2588.8173828125,104.72012329101562,4293.9814453125,-0.029144011437892914,8.135424613952637,-49.100677490234375
2588.9189453125,104.7254867553711,4293.89306640625,-0.0174258965998888,8.141168594360352,-49.07707595825195
2589.016845703125,104.73392486572266,4293.80908203125,-0.18695053458213806,8.059103965759277,-49.112728118896484
2589.108642578125,104.74375915527344,4293.72998046875,-0.4227297008037567,7.9410505294799805,-49.17682647705078
2589.195556640625,104.75518035888672,4293.65576171875,-0.7189025282859802,7.7414727210998535,-49.211002349853516
2589.277587890625,104.77010345458984,4293.58544921875,-1.1714168787002563,7.381241798400879,-49.234989166259766
2589.355712890625,104.78652954101562,4293.517578125,-1.6898499727249146,6.976040840148926,-49.269901275634766
2589.43017578125,104.80313110351562,4293.45263671875,-2.220031976699829,6.572793006896973,-49.32034683227539
2589.501708984375,104.81956481933594,4293.39013671875,-2.755798816680908,6.179947853088379,-49.37744903564453
2589.570068359375,104.83512115478516,4293.3291015625,-3.2454841136932373,5.8234734535217285,-49.44999313354492
2589.635986328125,104.84992980957031,4293.27001953125,-3.7123727798461914,5.489839553833008,-49.523475646972656
2589.69921875,104.86388397216797,4293.2138671875,-4.151918411254883,5.179086208343506,-49.60711669921875
2589.759033203125,104.87848663330078,4293.15966796875,-4.483522415161133,4.829824447631836,-49.694950103759766
2589.81689453125,104.89178466796875,4293.1064453125,-4.52279806137085,4.545224189758301,-49.7619743347168
2589.87548828125,104.90234375,4293.05419921875,-4.32052755355835,4.3692307472229,-49.78583526611328
2589.93408203125,104.91151428222656,4293.00244140625,-4.051148414611816,4.233999729156494,-49.80082321166992
2589.9921875,104.91999053955078,4292.95166015625,-3.7571420669555664,4.11016845703125,-49.808319091796875
2590.0498046875,104.92799377441406,4292.90185546875,-3.4670722484588623,3.986241579055786,-49.82025909423828
2590.10693359375,104.9357681274414,4292.8525390625,-3.182403564453125,3.8598215579986572,-49.82832336425781
2590.163330078125,104.94336700439453,4292.80419921875,-2.9100654125213623,3.735027313232422,-49.836856842041016
2590.21923828125,104.95093536376953,4292.75634765625,-2.638702630996704,3.6090922355651855,-49.84257507324219
2590.274658203125,104.95857238769531,4292.70849609375,-2.36376953125,3.4911417961120605,-49.84604263305664
2590.32958984375,104.96629333496094,4292.66064453125,-2.082763671875,3.3739492893218994,-49.8481559753418
2590.384765625,104.97405242919922,4292.61279296875,-1.8069154024124146,3.2596325874328613,-49.85053253173828
2590.43994140625,104.98127746582031,4292.5654296875,-1.5776368379592896,3.169583320617676,-49.85667037963867
2590.496826171875,104.98644256591797,4292.517578125,-1.515960931777954,3.16811466217041,-49.86648941040039
2590.5537109375,104.99077606201172,4292.46923828125,-1.521209955215454,3.199465274810791,-49.885047912597656
2590.611328125,104.99485778808594,4292.419921875,-1.546631097793579,3.241074800491333,-49.8953971862793
2590.66943359375,104.99884796142578,4292.37060546875,-1.575683355331421,3.283592700958252,-49.91337203979492
2590.728515625,105.00294494628906,4292.31982421875,-1.603363037109375,3.325939893722534,-49.9231071472168
2590.7880859375,105.00708770751953,4292.26904296875,-1.621032476425171,3.3632805347442627,-49.94132995605469
2590.84912109375,105.01138305664062,4292.21728515625,-1.624237298965454,3.3926503658294678,-49.951881408691406
2590.91064453125,105.0157470703125,4292.1650390625,-1.6276549100875854,3.4134552478790283,-49.97202682495117
2590.97412109375,105.02030944824219,4292.11083984375,-1.623138189315796,3.434936046600342,-49.98368453979492
2591.038330078125,105.02507781982422,4292.056640625,-1.604675054550171,3.460665464401245,-50.0022087097168
2591.104248046875,105.03007507324219,4292.00048828125,-1.585113525390625,3.48897647857666,-50.01253128051758
2591.171142578125,105.03529357910156,4291.94384765625,-1.580230474472046,3.5164475440979004,-50.03086471557617
2591.240234375,105.04074096679688,4291.884765625,-1.58203125,3.5434610843658447,-50.04194259643555
2591.310302734375,105.04637145996094,4291.82568359375,-1.588775634765625,3.5689170360565186,-50.06062316894531
2591.3828125,105.05226135253906,4291.76416015625,-1.6061099767684937,3.599536895751953,-50.07148361206055
2591.45654296875,105.05836486816406,4291.7021484375,-1.61932373046875,3.6339473724365234,-50.08900451660156
2591.5322265625,105.06472778320312,4291.6376953125,-1.6314998865127563,3.6681597232818604,-50.09892272949219
2591.609375,105.07131958007812,4291.572265625,-1.6300657987594604,3.70683217048645,-50.115150451660156
2591.689208984375,105.07817840576172,4291.5048828125,-1.627593994140625,3.7503268718719482,-50.12354278564453
2591.77099609375,105.08527374267578,4291.43603515625,-1.626861572265625,3.796246290206909,-50.13862991333008
2591.85498046875,105.09266662597656,4291.36474609375,-1.6220704317092896,3.841421127319336,-50.14622497558594
2591.94091796875,105.10028076171875,4291.29248046875,-1.615264892578125,3.8861520290374756,-50.16041564941406
2592.029541015625,105.10808563232422,4291.21826171875,-1.598449468612671,3.926962375640869,-50.16758728027344
2592.120361328125,105.11624908447266,4291.14208984375,-1.573913812637329,3.9577255249023438,-50.18217086791992
2592.213623046875,105.1247329711914,4291.0634765625,-1.5528564453125,3.984800338745117,-50.19001770019531
2592.3095703125,105.13341522216797,4290.98291015625,-1.5349425077438354,4.0152974128723145,-50.20320129394531
2592.408447265625,105.14215850830078,4290.89990234375,-1.525238037109375,4.062678337097168,-50.20771789550781
2592.510009765625,105.15116882324219,4290.814453125,-1.5401310920715332,4.125679969787598,-50.2172966003418
2592.614501953125,105.1607894897461,4290.7265625,-1.5395814180374146,4.186905860900879,-50.22017288208008
2592.721435546875,105.1708755493164,4290.63671875,-1.5262451171875,4.246492385864258,-50.22816467285156
2592.83203125,105.18153381347656,4290.54443359375,-1.5227965116500854,4.305689334869385,-50.23033142089844
2592.9453125,105.19278717041016,4290.44970703125,-1.5419310331344604,4.356410503387451,-50.23833084106445
2593.061767578125,105.20467376708984,4290.35205078125,-1.546630859375,4.415320873260498,-50.23948287963867
2593.18115234375,105.21688842773438,4290.251953125,-1.510040283203125,4.492611408233643,-50.24293899536133
2593.30419921875,105.22891998291016,4290.14892578125,-1.4635926485061646,4.5609612464904785,-50.24165725708008
2593.4306640625,105.2413558959961,4290.04345703125,-1.411895990371704,4.619884967803955,-50.24491500854492
2593.560791015625,105.25448608398438,4289.9345703125,-1.3922425508499146,4.687100887298584,-50.24421310424805
2593.694091796875,105.26832580566406,4289.8232421875,-1.3848572969436646,4.759289264678955,-50.24653625488281
2593.831298828125,105.28292083740234,4289.70849609375,-1.4022523164749146,4.827754974365234,-50.24550247192383
2593.97216796875,105.29839324951172,4289.5908203125,-1.422240972518921,4.892901420593262,-50.2462043762207
2594.11669921875,105.31488037109375,4289.4697265625,-1.41021728515625,4.968723297119141,-50.24510192871094
2594.2646484375,105.33181762695312,4289.345703125,-1.4132689237594604,5.037209510803223,-50.24507141113281
2594.416748046875,105.34892272949219,4289.21875,-1.37982177734375,5.104937553405762,-50.24430465698242
2594.573486328125,105.36690521240234,4289.087890625,-1.3082274198532104,5.20883846282959,-50.24153137207031
2594.73388671875,105.3858871459961,4288.953125,-1.218811273574829,5.326311111450195,-50.23856735229492
2594.898193359375,105.4054183959961,4288.81640625,-1.176391363143921,5.406080722808838,-50.2387580871582
2595.06640625,105.42562866210938,4288.67578125,-1.168487548828125,5.475673675537109,-50.24054718017578
2595.239501953125,105.4466781616211,4288.53125,-1.182647466659546,5.545498371124268,-50.243003845214844
2595.416259765625,105.4689712524414,4288.38330078125,-1.1446532011032104,5.614511013031006,-50.24452590942383
2595.597412109375,105.49220275878906,4288.23193359375,-1.03070068359375,5.712244033813477,-50.2440071105957
2595.783447265625,105.51541900634766,4288.07666015625,-0.9600218534469604,5.7963714599609375,-50.24501419067383
2595.974365234375,105.53952026367188,4287.91796875,-0.9505921602249146,5.858806133270264,-50.24799728393555
2596.169677734375,105.56473541259766,4287.7548828125,-0.9304197430610657,5.921063423156738,-50.25029373168945
2596.364990234375,105.5908203125,4287.591796875,-0.8443906903266907,5.985376358032227,-50.25291061401367
2596.558837890625,105.61674499511719,4287.4306640625,-0.8018495440483093,6.015326976776123,-50.25727844238281
2596.753662109375,105.64225006103516,4287.26806640625,-0.7819519639015198,6.048651218414307,-50.26515197753906
2596.9501953125,105.6690673828125,4287.10400390625,-0.6930539608001709,6.058882713317871,-50.27387619018555
2597.1484375,105.69721221923828,4286.93310546875,-0.5449523329734802,6.091517448425293,-50.10068893432617
2597.349853515625,105.72523498535156,4286.7529296875,-0.507904052734375,6.125730037689209,-49.638465881347656
2597.55517578125,105.7540283203125,4286.564453125,-0.54638671875,6.136166572570801,-49.082611083984375
2597.763916015625,105.78427124023438,4286.373046875,-0.5087584853172302,6.1524152755737305,-48.74541091918945
2597.980224609375,105.8158950805664,4286.17919921875,-0.40875282883644104,6.165590763092041,-48.65580749511719
2598.207275390625,105.84780883789062,4285.978515625,-0.39376816153526306,6.180965900421143,-48.63896179199219
2598.44140625,105.880859375,4285.77099609375,-0.33670029044151306,6.1983418464660645,-48.66432571411133
2598.681884765625,105.91616821289062,4285.5576171875,-0.1678466796875,6.206674575805664,-48.686275482177734
2598.9306640625,105.95142364501953,4285.3388671875,-0.11874394118785858,6.208436489105225,-48.74470520019531
2599.18505859375,105.98741912841797,4285.115234375,-0.04940781369805336,6.21772575378418,-48.750545501708984
2599.443603515625,106.02530670166016,4284.88720703125,0.11866272240877151,6.212944507598877,-48.78539276123047
2599.708740234375,106.06282043457031,4284.65478515625,0.15764611959457397,6.206606388092041,-48.77804183959961
2599.97998046875,106.10149383544922,4284.4169921875,0.2698970437049866,6.2093658447265625,-48.80776596069336
2600.254638671875,106.14170837402344,4284.17138671875,0.41863107681274414,6.196750164031982,-48.5923957824707
2600.53076171875,106.18157958984375,4283.91455078125,0.43363821506500244,6.194380283355713,-48.08491897583008
2600.80810546875,106.22357177734375,4283.64697265625,0.5605353713035583,6.192180633544922,-47.37507247924805
2601.088623046875,106.26608276367188,4283.3701171875,0.6023581027984619,6.192344665527344,-46.638607025146484
2601.36865234375,106.30916595458984,4283.0810546875,0.6445788145065308,6.208648681640625,-45.6299934387207
2601.643798828125,106.3534164428711,4282.77685546875,0.6370900273323059,6.171512603759766,-44.30387496948242
2601.916015625,106.3976821899414,4282.45947265625,0.545562744140625,6.177167892456055,-42.75526809692383
2602.190185546875,106.4438247680664,4282.130859375,0.5407825708389282,6.163336753845215,-41.566017150878906
2602.474365234375,106.49053192138672,4281.79931640625,0.530134379863739,6.162729263305664,-41.032020568847656
2602.765380859375,106.53799438476562,4281.46142578125,0.5709466338157654,6.140093803405762,-40.8416748046875
2603.062255859375,106.5871353149414,4281.1171875,0.7280751466751099,6.1356201171875,-40.74441909790039
2603.364990234375,106.63703918457031,4280.765625,0.8550066351890564,6.1092963218688965,-40.72989273071289
2603.6748046875,106.68624114990234,4280.408203125,0.8900215029716492,6.080562114715576,-40.70932388305664
2603.98974609375,106.73670959472656,4280.04248046875,1.0345940589904785,6.054948806762695,-40.72528839111328
2604.310791015625,106.78787231445312,4279.67041015625,1.1656497716903687,6.025148391723633,-40.71790313720703
2604.6337890625,106.84016418457031,4279.2890625,1.3035686016082764,5.987172603607178,-40.490997314453125
2604.95361328125,106.8930435180664,4278.89697265625,1.3777830600738525,5.947304725646973,-39.83934783935547
2605.267333984375,106.94532775878906,4278.5,1.479722499847412,5.849653720855713,-39.02948760986328
2605.57373046875,106.99539947509766,4278.1015625,1.4440116882324219,5.7771992683410645,-38.09650802612305
2605.869873046875,107.04421997070312,4277.703125,1.484298825263977,5.648176670074463,-37.16664123535156
2606.152099609375,107.09173583984375,4277.3046875,1.4682995080947876,5.509995460510254,-35.99422836303711
2606.41552734375,107.13736724853516,4276.90576171875,1.4112988710403442,5.334999084472656,-34.52039337158203
2606.66162109375,107.1803970336914,4276.5078125,1.3727502822875977,5.113174915313721,-32.84785842895508
2606.89013671875,107.2210693359375,4276.1103515625,1.3197977542877197,4.9240946769714355,-31.128219604492188
2607.098876953125,107.259521484375,4275.7138671875,1.2445461750030518,4.716074466705322,-29.198944091796875
2607.283935546875,107.29542541503906,4275.3193359375,1.1463282108306885,4.536139965057373,-27.000072479248047
2607.4462890625,107.32978057861328,4274.9267578125,1.0302119255065918,4.331227779388428,-24.645286560058594
2607.587890625,107.36212921142578,4274.53759765625,0.8538735508918762,4.151750564575195,-22.278121948242188
2607.709228515625,107.39132690429688,4274.1513671875,0.7566888332366943,3.9894449710845947,-19.876922607421875
2607.808349609375,107.41815948486328,4273.76904296875,0.7007872462272644,3.8201041221618652,-17.40605926513672
2607.8828125,107.44376373291016,4273.39404296875,0.5864887237548828,3.666616201400757,-14.671401977539062
2607.941162109375,107.46747589111328,4273.025390625,0.4299473762512207,3.5104711055755615,-12.237167358398438
2608.00048828125,107.48974609375,4272.66259765625,0.2805473506450653,3.358438014984131,-10.745407104492188
2608.0615234375,107.51019287109375,4272.3076171875,0.205799862742424,3.1897048950195312,-10.106575012207031
2608.121826171875,107.52985382080078,4271.9609375,0.15926703810691833,3.0237040519714355,-9.795295715332031
2608.1806640625,107.54820251464844,4271.62158203125,0.12312230467796326,2.874444007873535,-9.70233154296875
2608.237548828125,107.56497192382812,4271.2890625,0.14601919054985046,2.7393085956573486,-9.621475219726562
2608.29296875,107.58016967773438,4270.9638671875,0.1860528588294983,2.603196620941162,-9.627021789550781
2608.34716796875,107.59458923339844,4270.64599609375,0.2062513828277588,2.4421544075012207,-9.591232299804688
2608.396728515625,107.60816192626953,4270.3349609375,0.21777434647083282,2.302798271179199,-9.456962585449219
2608.439697265625,107.6205062866211,4270.0302734375,0.2280871421098709,2.1620962619781494,-9.002365112304688
2608.47705078125,107.63190460205078,4269.7314453125,0.24877314269542694,2.0322201251983643,-8.489639282226562
2608.510009765625,107.64216613769531,4269.43896484375,0.23819583654403687,1.9247403144836426,-7.880828857421875
2608.53564453125,107.65164184570312,4269.15283203125,0.24149151146411896,1.8088047504425049,-7.17950439453125
2608.552978515625,107.66068267822266,4268.8740234375,0.23505067825317383,1.6790380477905273,-6.189910888671875
2608.56298828125,107.66867065429688,4268.60107421875,0.2127213329076767,1.5539021492004395,-5.171257019042969
2608.566650390625,107.67586517333984,4268.33447265625,0.20215140283107758,1.435118317604065,-4.067848205566406
2608.564697265625,107.68244934082031,4268.07373046875,0.1872730702161789,1.3331230878829956,-3.0269241333007812
2608.555908203125,107.68810272216797,4267.81982421875,0.1802343875169754,1.2363803386688232,-1.8154449462890625
2608.5361328125,107.69330596923828,4267.572265625,0.1784946322441101,1.1296039819717407,-0.432037353515625
2608.51318359375,107.69818115234375,4267.326171875,0.14087985455989838,1.028537631034851,0.65411376953125
2608.501220703125,107.70246887207031,4267.0810546875,0.06788633018732071,0.9380786418914795,0.9940185546875
2608.494384765625,107.70663452148438,4266.8388671875,0.018192613497376442,0.8454407453536987,1.0590286254882812
2608.4892578125,107.71060943603516,4266.599609375,-0.00015265187539625913,0.7526800036430359,1.0697555541992188
2608.484375,107.714111328125,4266.36328125,-0.0014953548088669777,0.6746519207954407,1.0712203979492188
2608.47607421875,107.71729278564453,4266.13037109375,0.0164616871625185,0.6004760265350342,1.2584228515625
2608.4619140625,107.72012329101562,4265.9013671875,0.05169925466179848,0.5280965566635132,1.6779708862304688
2608.44482421875,107.72244262695312,4265.67529296875,0.06669508665800095,0.46948668360710144,2.14263916015625
2608.42529296875,107.72441101074219,4265.45166015625,0.06685978174209595,0.41126614809036255,2.6103439331054688
2608.404541015625,107.72628021240234,4265.23046875,0.0625394955277443,0.348906546831131,3.0753097534179688
2608.37841796875,107.72782897949219,4265.0126953125,0.06860075891017914,0.2899688482284546,3.7076950073242188
2608.345458984375,107.72891998291016,4264.798828125,0.08283954113721848,0.23844188451766968,4.5504150390625
2608.308349609375,107.72977447509766,4264.5869140625,0.08466119319200516,0.1895582228899002,5.427360534667969
2608.267822265625,107.73040008544922,4264.3779296875,0.07818984240293503,0.13824301958084106,6.305877685546875
2608.22412109375,107.73075866699219,4264.1708984375,0.07548090070486069,0.08993309736251831,7.178535461425781
2608.174560546875,107.73100280761719,4263.9677734375,0.08322958648204803,0.04047570005059242,8.206459045410156
2608.1171875,107.73104858398438,4263.76904296875,0.10032543540000916,-0.012635849416255951,9.424324035644531
2608.05517578125,107.7309341430664,4263.5732421875,0.10709312558174133,-0.06444966048002243,10.678825378417969
2607.98828125,107.73078918457031,4263.37890625,0.09908395260572433,-0.11846962571144104,11.932197570800781
2607.91748046875,107.73038482666016,4263.1875,0.09535885602235794,-0.17193634808063507,13.185043334960938
2607.84033203125,107.72980499267578,4263.0009765625,0.11287539452314377,-0.22519132494926453,14.58099365234375
2607.755126953125,107.72909545898438,4262.8193359375,0.1326725035905838,-0.28131499886512756,16.163185119628906
2607.6640625,107.7281494140625,4262.6416015625,0.14659512042999268,-0.3350276052951813,17.779190063476562
2607.572998046875,107.72699737548828,4262.462890625,0.11535432189702988,-0.3846489191055298,19.079940795898438
2607.49365234375,107.72562408447266,4262.27734375,0.025641417130827904,-0.43947485089302063,19.586349487304688
2607.422607421875,107.7240219116211,4262.08837890625,-0.034088149666786194,-0.49578291177749634,19.67108154296875
2607.353515625,107.72232055664062,4261.89794921875,-0.055328335613012314,-0.5481021404266357,19.680770874023438
2607.284912109375,107.72047424316406,4261.70703125,-0.05761723220348358,-0.6003667712211609,19.683303833007812
2607.21630859375,107.71835327148438,4261.51513671875,-0.05001833662390709,-0.6542910933494568,19.682357788085938
2607.147705078125,107.71603393554688,4261.3232421875,-0.041503868997097015,-0.70953369140625,19.683731079101562
2607.074951171875,107.71347045898438,4261.130859375,-0.021606450900435448,-0.7700150012969971,19.85869598388672
2606.9970703125,107.71063232421875,4260.93994140625,0.005251841153949499,-0.8265962600708008,20.250015258789062
2606.916015625,107.70765686035156,4260.74853515625,0.021556517109274864,-0.8860462307929993,20.678863525390625
2606.832763671875,107.70452880859375,4260.5576171875,0.03392963856458664,-0.943078339099884,21.11779022216797
2606.747802734375,107.70111846923828,4260.36572265625,0.03277825936675072,-0.9989287853240967,21.55834197998047
2606.657470703125,107.697509765625,4260.17529296875,0.05380690470337868,-1.0584948062896729,22.173011779785156
2606.56640625,107.693603515625,4259.98388671875,0.04153779149055481,-1.1168246269226074,22.656150817871094
2606.48095703125,107.68939971923828,4259.787109375,-0.009674116037786007,-1.1751681566238403,22.748741149902344
2606.396240234375,107.68482208251953,4259.587890625,-0.04159538820385933,-1.2424591779708862,22.76251983642578
2606.311279296875,107.67989349365234,4259.38623046875,-0.04904177784919739,-1.3039854764938354,22.765777587890625
2606.225830078125,107.67484283447266,4259.1826171875,-0.052368152886629105,-1.3647059202194214,22.76648712158203
2606.13916015625,107.6697998046875,4258.9765625,-0.0737304762005806,-1.4228103160858154,22.767440795898438
2606.04833984375,107.66437530517578,4258.76953125,-0.07302860170602798,-1.4804365634918213,22.954299926757812
2605.95068359375,107.65855407714844,4258.5625,-0.04229732230305672,-1.5438822507858276,23.375701904296875
2605.849365234375,107.65228271484375,4258.35498046875,-0.036468442529439926,-1.6063852310180664,23.848899841308594
2605.74462890625,107.64554595947266,4258.14599609375,-0.0382690392434597,-1.6718662977218628,24.335601806640625
2605.636474609375,107.63845825195312,4257.93505859375,-0.02807614766061306,-1.7424904108047485,24.829788208007812
2605.522216796875,107.63121032714844,4257.72412109375,0.00848665926605463,-1.815068006515503,25.510948181152344
2605.399169921875,107.62364959716797,4257.51513671875,0.01981576718389988,-1.880610466003418,26.432861328125
2605.269775390625,107.6156997680664,4257.306640625,0.031160248443484306,-1.9447938203811646,27.42083740234375
2605.134521484375,107.60731506347656,4257.09716796875,0.05814047530293465,-2.0147690773010254,28.43305206298828
2604.99365234375,107.59832763671875,4256.88623046875,0.05905994772911072,-2.0835559368133545,29.460250854492188
2604.84912109375,107.58870697021484,4256.67822265625,0.06886141002178192,-2.165217638015747,30.495018005371094
2604.701904296875,107.5792236328125,4256.47509765625,0.10883305966854095,-2.254173994064331,31.652931213378906
2604.54296875,107.5695571899414,4256.27587890625,0.1738242357969284,-2.3280904293060303,33.07568359375
2604.37841796875,107.55958557128906,4256.08056640625,0.20801258087158203,-2.392601490020752,34.608924865722656
2604.20654296875,107.54904174804688,4255.8876953125,0.27311447262763977,-2.465452194213867,36.19435119628906
2604.028564453125,107.53784942626953,4255.69775390625,0.32938334345817566,-2.5372238159179688,37.803321838378906
2603.83984375,107.52616119384766,4255.51123046875,0.403676301240921,-2.601318359375,39.57417297363281
2603.64404296875,107.51437377929688,4255.32763671875,0.4584129750728607,-2.671908378601074,41.28266906738281
2603.44921875,107.5018310546875,4255.13330078125,0.3686823844909668,-2.7487752437591553,42.187164306640625
2603.2568359375,107.48875427246094,4254.93115234375,0.29632312059402466,-2.8081910610198975,42.53807067871094
2603.0615234375,107.47518920898438,4254.7216796875,0.2542572319507599,-2.8648407459259033,42.679229736328125
2602.8642578125,107.46066284179688,4254.5078125,0.18588806688785553,-2.9157392978668213,42.77146911621094
2602.662353515625,107.44560241699219,4254.2900390625,0.1515747308731079,-2.941803216934204,42.81834411621094
2602.45751953125,107.43089294433594,4254.068359375,0.12937693297863007,-2.974581480026245,42.885406494140625
2602.2470703125,107.41556549072266,4253.84130859375,0.13152730464935303,-2.995058298110962,42.937530517578125
2602.033203125,107.39930725097656,4253.6103515625,0.09218817949295044,-3.0256028175354004,42.99896240234375
2601.811767578125,107.38227081298828,4253.37744140625,0.07476925104856491,-3.0341134071350098,43.23005676269531
2601.581298828125,107.36515045166016,4253.14599609375,0.12026467174291611,-3.0286831855773926,43.78681945800781
2601.342041015625,107.34745788574219,4252.9130859375,0.14556413888931274,-3.0082952976226807,44.451751708984375
2601.09521484375,107.32926177978516,4252.67919921875,0.13580943644046783,-3.0194079875946045,45.17486572265625
2600.83984375,107.31046295166016,4252.44287109375,0.11063254624605179,-3.0179121494293213,45.905670166015625
2600.57470703125,107.29154968261719,4252.20947265625,0.14682088792324066,-3.0032408237457275,46.86439514160156
2600.296630859375,107.27281188964844,4251.98095703125,0.23059728741645813,-3.0058908462524414,48.13792419433594
2600.007568359375,107.25352478027344,4251.755859375,0.2621595561504364,-3.0295097827911377,49.563018798828125
2599.706298828125,107.23336029052734,4251.5341796875,0.2806006371974945,-3.023130416870117,51.051849365234375
2599.393310546875,107.21315002441406,4251.31640625,0.3367094397544861,-3.012878179550171,52.5938720703125
2599.06640625,107.19298553466797,4251.10595703125,0.4363972246646881,-3.018772602081299,54.34197998046875
2598.7255859375,107.17227935791016,4250.9072265625,0.5420881509780884,-3.029017925262451,56.45356750488281
2598.3720703125,107.15064239501953,4250.71142578125,0.5359762907028198,-3.0150434970855713,58.3043212890625
2598.013916015625,107.12870788574219,4250.505859375,0.4396272897720337,-3.0250563621520996,59.20513916015625
2597.6484375,107.10623931884766,4250.2919921875,0.3397573232650757,-3.048818588256836,59.55140686035156
2597.276123046875,107.08236694335938,4250.0732421875,0.2056349664926529,-3.058408260345459,59.710205078125
2596.89453125,107.05870056152344,4249.85009765625,0.15042398869991302,-3.052609443664551,59.771881103515625
2596.505126953125,107.03496551513672,4249.62255859375,0.09983345121145248,-3.0654571056365967,59.816864013671875
2596.1064453125,107.00969696044922,4249.39013671875,0.008481785655021667,-3.085749626159668,59.83305358886719
2595.69921875,106.98416900634766,4249.15380859375,-0.05828848481178284,-3.0852372646331787,59.855712890625
2595.282470703125,106.95818328857422,4248.9111328125,-0.12255854904651642,-3.084772825241089,59.860687255859375
2594.856689453125,106.93144226074219,4248.66357421875,-0.1850890815258026,-3.0417425632476807,59.87278747558594
2594.421630859375,106.90412902832031,4248.41064453125,-0.2860412001609802,-3.0408272743225098,59.87364196777344
2593.976806640625,106.87702178955078,4248.15283203125,-0.32501220703125,-3.0306708812713623,59.881591796875
2593.52294921875,106.84870147705078,4247.8896484375,-0.41653427481651306,-2.9867868423461914,59.8876953125
2593.05810546875,106.8201904296875,4247.62548828125,-0.45080575346946716,-2.962191343307495,60.147186279296875
2592.578857421875,106.7914810180664,4247.36572265625,-0.43295279145240784,-2.941953659057617,60.83921813964844
2592.088134765625,106.76309204101562,4247.10986328125,-0.38479602336883545,-2.9139702320098877,61.751190185546875
2591.590576171875,106.73402404785156,4246.8603515625,-0.4163207709789276,-2.8898324966430664,62.75567626953125
2591.09033203125,106.70577239990234,4246.61962890625,-0.39144888520240784,-2.8891289234161377,63.79527282714844
2590.591552734375,106.677734375,4246.3828125,-0.452606201171875,-2.8537280559539795,64.52900695800781
2590.097412109375,106.6506118774414,4246.1484375,-0.5405579209327698,-2.8136894702911377,64.872314453125
2589.608154296875,106.62410736083984,4245.91796875,-0.6056519150733948,-2.7943668365478516,65.03572082519531
2589.124755859375,106.59837341308594,4245.69189453125,-0.6627805233001709,-2.7707207202911377,65.11328125
2588.646728515625,106.5731201171875,4245.4697265625,-0.7164306640625,-2.725921630859375,65.15202331542969
2588.17529296875,106.54873657226562,4245.2509765625,-0.77886962890625,-2.679838180541992,65.17131042480469
2587.710205078125,106.52528381347656,4245.03564453125,-0.8197935223579407,-2.642026424407959,65.18226623535156
2587.25048828125,106.50276184082031,4244.828125,-0.8651731014251709,-2.5976574420928955,65.41302490234375
2586.79443359375,106.48041534423828,4244.63232421875,-0.830322265625,-2.5599069595336914,66.0316162109375
2586.342529296875,106.45865631103516,4244.44677734375,-0.805877685546875,-2.52730655670166,66.828369140625
2585.89501953125,106.4375,4244.27099609375,-0.79925537109375,-2.5010035037994385,67.70707702636719
2585.451904296875,106.41685485839844,4244.1044921875,-0.7669677734375,-2.4873976707458496,68.6082763671875
2585.0126953125,106.39674377441406,4243.95166015625,-0.7318114042282104,-2.4713194370269775,69.7220458984375
2584.577392578125,106.37749481201172,4243.81640625,-0.668609619140625,-2.468047857284546,71.16444396972656
2584.146484375,106.35851287841797,4243.68896484375,-0.6815794110298157,-2.4462525844573975,72.36001586914062
2583.723388671875,106.34027099609375,4243.56005859375,-0.7517393827438354,-2.417354106903076,72.90715026855469
2583.306396484375,106.32233428955078,4243.43408203125,-0.839202880859375,-2.384432554244995,73.14845275878906
2582.896484375,106.30380249023438,4243.30908203125,-1.0447998046875,-2.408474922180176,73.24961853027344
2582.494384765625,106.28163146972656,4243.18505859375,-1.732147216796875,-2.6380579471588135,73.29942321777344
2582.09814453125,106.25709533691406,4243.0634765625,-2.486176013946533,-2.966671943664551,73.29402160644531
2581.70703125,106.23442840576172,4242.94580078125,-3.227478265762329,-3.182492256164551,73.2919921875
2581.322021484375,106.211181640625,4242.837890625,-2.897827386856079,-3.4824469089508057,73.29269409179688
2580.943603515625,106.18409729003906,4242.734375,-1.4291073083877563,-3.9999020099639893,73.29049682617188
2580.57470703125,106.15982055664062,4242.62060546875,-0.5506898164749146,-4.30230188369751,73.03167724609375
2580.21484375,106.14614868164062,4242.49560546875,-0.43090811371803284,-4.101473808288574,72.33731079101562
2579.861328125,106.13356018066406,4242.3662109375,-0.8108214735984802,-3.5896944999694824,71.58415222167969
2579.51416015625,106.11990356445312,4242.2353515625,-1.342437505722046,-2.9280951023101807,70.76385498046875
2579.174560546875,106.10641479492188,4242.1025390625,-1.9533082246780396,-2.2852444648742676,69.99610900878906
2578.845458984375,106.09639739990234,4241.96728515625,-2.470551013946533,-1.8037368059158325,69.06388854980469
2578.52734375,106.08627319335938,4241.82763671875,-2.4252326488494873,-1.3272695541381836,67.94659423828125
2578.217041015625,106.07074737548828,4241.68505859375,-1.655181646347046,-0.6521327495574951,66.66365051269531
2577.91748046875,106.05365753173828,4241.53564453125,-0.7633054256439209,0.05699792504310608,65.36972045898438
2577.634521484375,106.046875,4241.3779296875,-0.393157958984375,0.33400988578796387,64.06977844238281
2577.36328125,106.047119140625,4241.21728515625,-0.3422851860523224,0.3956591784954071,62.836151123046875
2577.10302734375,106.05009460449219,4241.05224609375,-0.4158324599266052,0.4171469509601593,61.40538024902344
2576.85546875,106.05406188964844,4240.88134765625,-0.537353515625,0.4365173578262329,59.80799865722656
2576.618896484375,106.05811309814453,4240.70654296875,-0.6453246474266052,0.46631065011024475,58.080535888671875
2576.393310546875,106.06208038330078,4240.52880859375,-0.7218626737594604,0.5099828839302063,56.39772033691406
2576.17724609375,106.06595611572266,4240.34814453125,-0.7611387968063354,0.570115864276886,54.67578125
2575.97412109375,106.06983184814453,4240.16357421875,-0.7841489911079407,0.6375502943992615,52.910919189453125
2575.78564453125,106.07382202148438,4239.9755859375,-0.7836301922798157,0.7002514600753784,50.917022705078125
2575.6103515625,106.0777816772461,4239.7841796875,-0.7642517685890198,0.7609513401985168,48.9344482421875
2575.447021484375,106.08169555664062,4239.59033203125,-0.7539061307907104,0.8239461779594421,46.92552185058594
2575.296142578125,106.08576202392578,4239.390625,-0.7914122939109802,0.8996724486351013,44.93310546875
2575.159423828125,106.09010314941406,4239.1875,-0.8465576767921448,0.9758222699165344,42.82426452636719
2575.03857421875,106.09477996826172,4238.98095703125,-0.894439697265625,1.051767110824585,40.53608703613281
2574.93115234375,106.09992980957031,4238.7734375,-0.8835448026657104,1.1307377815246582,38.2239990234375
2574.8349609375,106.10533142089844,4238.56591796875,-0.8538818359375,1.208465337753296,35.93280792236328
2574.749267578125,106.11101531982422,4238.35791015625,-0.8069152235984802,1.2774364948272705,33.67840576171875
2574.67724609375,106.11678314208984,4238.15185546875,-0.7586668729782104,1.339550256729126,31.322540283203125
2574.620361328125,106.12255859375,4237.947265625,-0.6984862089157104,1.4022445678710938,28.81982421875
2574.575927734375,106.12822723388672,4237.7451171875,-0.6235349178314209,1.4641876220703125,26.30229949951172
2574.5419921875,106.13375091552734,4237.54443359375,-0.5400391221046448,1.524026870727539,23.815689086914062
2574.5107421875,106.13916015625,4237.34521484375,-0.4302062690258026,1.5837022066116333,21.667068481445312
2574.468505859375,106.14449310302734,4237.14794921875,-0.28765854239463806,1.6406865119934082,20.3671875
2574.411376953125,106.14967346191406,4236.95751953125,-0.15692132711410522,1.6904717683792114,19.954345703125
2574.34765625,106.15482330322266,4236.7724609375,-0.1049499586224556,1.7313982248306274,19.893966674804688
2574.28271484375,106.16022491455078,4236.59130859375,-0.11117556691169739,1.7571207284927368,19.88446044921875
2574.218505859375,106.16585540771484,4236.41259765625,-0.12768560647964478,1.769988775253296,19.885643005371094
2574.15478515625,106.1715087890625,4236.236328125,-0.1461486518383026,1.7797491550445557,19.884422302246094
2574.092041015625,106.1771469116211,4236.0634765625,-0.16284173727035522,1.7886078357696533,19.887229919433594
2574.030029296875,106.18269348144531,4235.89208984375,-0.17572002112865448,1.79807448387146,19.886474609375
2573.968994140625,106.18819427490234,4235.72314453125,-0.18743906915187836,1.8065507411956787,19.889892578125
2573.908447265625,106.19371032714844,4235.5556640625,-0.1995849907398224,1.81102454662323,19.889259338378906
2573.8486328125,106.19928741455078,4235.390625,-0.20452876389026642,1.8115299940109253,19.893203735351562
2573.78955078125,106.204833984375,4235.2275390625,-0.20693960785865784,1.8110860586166382,19.893035888671875
2573.731201171875,106.21034240722656,4235.06591796875,-0.2077942043542862,1.8104645013809204,19.897544860839844
2573.67333984375,106.2157974243164,4234.90625,-0.20822128653526306,1.8101707696914673,19.897781372070312
2573.61572265625,106.22119140625,4234.74755859375,-0.2091369926929474,1.810109257698059,19.902847290039062
2573.55859375,106.22652435302734,4234.58984375,-0.2091369777917862,1.8103688955307007,19.903404235839844
2573.501953125,106.23179626464844,4234.43408203125,-0.209442138671875,1.8104645013809204,19.908843994140625
2573.44580078125,106.2370376586914,4234.27880859375,-0.2101745903491974,1.8110860586166382,19.909530639648438
2573.389892578125,106.24224090576172,4234.12451171875,-0.21014408767223358,1.8113250732421875,19.915252685546875
2573.333984375,106.24740600585938,4233.970703125,-0.21115103363990784,1.8118442296981812,19.91614532470703
2573.27880859375,106.25254821777344,4233.81787109375,-0.21163950860500336,1.8121447563171387,19.922134399414062
2573.22314453125,106.25767517089844,4233.66552734375,-0.21179187297821045,1.8128209114074707,19.92316436767578
2573.168212890625,106.26277923583984,4233.51318359375,-0.21163946390151978,1.8130736351013184,19.929336547851562
2573.113037109375,106.26786804199219,4233.36181640625,-0.21151746809482574,1.8140298128128052,19.93047332763672
2573.06103515625,106.27298736572266,4233.20947265625,-0.22500599920749664,1.8147128820419312,19.7884521484375
2573.01318359375,106.27809143066406,4233.0556640625,-0.2346191704273224,1.8161267042160034,19.472030639648438
2572.96728515625,106.2831802368164,4232.90185546875,-0.22979740798473358,1.8176498413085938,19.136184692382812
2572.922119140625,106.28829193115234,4232.74755859375,-0.21832275390625,1.8198696374893188,18.791236877441406
2572.878173828125,106.29340362548828,4232.5927734375,-0.20361337065696716,1.8210444450378418,18.451072692871094
2572.838134765625,106.29853057861328,4232.43701171875,-0.20074450969696045,1.821966528892517,17.96245574951172
2572.80322265625,106.30367279052734,4232.27978515625,-0.19458015263080597,1.822922706604004,17.31708526611328
2572.764892578125,106.308837890625,4232.12255859375,-0.150482177734375,1.8245073556900024,16.924118041992188
2572.719970703125,106.31400299072266,4231.966796875,-0.10604852437973022,1.8252177238464355,16.871353149414062
2572.673095703125,106.31920623779297,4231.81005859375,-0.08853147178888321,1.8259553909301758,16.86536407470703
2572.62548828125,106.3244400024414,4231.65234375,-0.0860595777630806,1.8264744281768799,16.8701171875
2572.577392578125,106.3297119140625,4231.49365234375,-0.08859261870384216,1.8273009061813354,16.870521545410156
2572.52880859375,106.33501434326172,4231.333984375,-0.09255974739789963,1.8277448415756226,16.875473022460938
2572.479736328125,106.34036254882812,4231.1728515625,-0.09609979391098022,1.8286464214324951,16.875656127929688
2572.4306640625,106.34575653076172,4231.009765625,-0.09957869350910187,1.8290425539016724,16.880126953125
2572.380615234375,106.35122680664062,4230.845703125,-0.10116569697856903,1.8305315971374512,16.879959106445312
2572.330078125,106.35674285888672,4230.67919921875,-0.10205078125,1.83174729347229,16.88379669189453
2572.279052734375,106.36233520507812,4230.51123046875,-0.10189805179834366,1.833113431930542,16.883255004882812
2572.2275390625,106.36797332763672,4230.341796875,-0.1017761081457138,1.8339672088623047,16.886474609375
2572.17529296875,106.37369537353516,4230.16943359375,-0.10089101642370224,1.835333228111267,16.885498046875
2572.122314453125,106.37948608398438,4229.9951171875,-0.10043343156576157,1.8364124298095703,16.888084411621094
2572.068603515625,106.38536071777344,4229.81884765625,-0.10028079152107239,1.8383795022964478,16.8868408203125
2572.014404296875,106.39130401611328,4229.64013671875,-0.09970100969076157,1.839684009552002,16.888641357421875
2571.959228515625,106.39735412597656,4229.45849609375,-0.09872443228960037,1.8407427072525024,16.887191772460938
2571.903564453125,106.40348052978516,4229.2744140625,-0.09783942252397537,1.8418354988098145,16.88843536376953
2571.846923828125,106.40969848632812,4229.087890625,-0.09640509635210037,1.8429489135742188,16.887191772460938
2571.7890625,106.41600036621094,4228.8984375,-0.0955810472369194,1.8441988229751587,16.888145446777344
2571.73046875,106.42240905761719,4228.70556640625,-0.0941772535443306,1.8451755046844482,16.887557983398438
2571.671142578125,106.42891693115234,4228.509765625,-0.09301768243312836,1.8466781377792358,16.887794494628906
2571.61083984375,106.4355239868164,4228.31103515625,-0.09307853132486343,1.847497820854187,16.887672424316406
2571.549560546875,106.44223022460938,4228.109375,-0.09231575578451157,1.848358392715454,16.88751983642578
2571.487060546875,106.44906616210938,4227.90380859375,-0.09176629781723022,1.848481297492981,16.88739776611328
2571.423583984375,106.45602416992188,4227.69482421875,-0.09103395789861679,1.8484539985656738,16.88727569580078
2571.35888671875,106.4631118774414,4227.48193359375,-0.09005726128816605,1.848508596420288,16.887184143066406
2571.293212890625,106.47032928466797,4227.26513671875,-0.08950789272785187,1.848515510559082,16.887062072753906
2571.22998046875,106.4776611328125,4227.04443359375,-0.10485836863517761,1.8483924865722656,16.697052001953125
2571.172119140625,106.48511505126953,4226.81787109375,-0.11865234375,1.8481807708740234,16.2667236328125
2571.1162109375,106.49270629882812,4226.5869140625,-0.11505129188299179,1.8483924865722656,15.779937744140625
2571.0615234375,106.50042724609375,4226.35107421875,-0.09939585626125336,1.8484745025634766,15.276542663574219
2571.008056640625,106.50828552246094,4226.1103515625,-0.08038333058357239,1.8484129905700684,14.763076782226562
2570.950439453125,106.51647186279297,4225.86572265625,-0.035003677010536194,1.8487545251846313,14.51348876953125
2570.88818359375,106.52473449707031,4225.61865234375,-0.002990668872371316,1.8471630811691284,14.485427856445312
2570.82568359375,106.5328598022461,4225.373046875,0.006902643013745546,1.8415281772613525,14.461753845214844
2570.76318359375,106.5408935546875,4225.12939453125,0.008405397646129131,1.8368699550628662,14.494377136230469
2570.7001953125,106.54891204833984,4224.8857421875,0.008989298716187477,1.8354493379592896,14.464370727539062
2570.63720703125,106.55696105957031,4224.64013671875,0.008466629311442375,1.8357566595077515,14.494651794433594
2570.572998046875,106.56509399414062,4224.3916015625,0.009140345267951488,1.8376896381378174,14.465255737304688
2570.508056640625,106.5733642578125,4224.14013671875,0.00853536557406187,1.84104323387146,14.494483947753906
2570.44189453125,106.58179473876953,4223.8837890625,0.008856726810336113,1.8444515466690063,14.465599060058594
2570.37451171875,106.59034729003906,4223.62255859375,0.006792473141103983,1.8479348421096802,14.493644714355469
2570.305419921875,106.59910583496094,4223.35595703125,0.007160439155995846,1.8507353067398071,14.466148376464844
2570.235107421875,106.60804748535156,4223.0830078125,0.005527714733034372,1.8536449670791626,14.493171691894531
2570.162841796875,106.61719512939453,4222.80419921875,0.006148261483758688,1.856103777885437,14.465232849121094
2570.089111328125,106.62655639648438,4222.51806640625,0.004636082332581282,1.858747124671936,14.486442565917969
2570.01318359375,106.6362075805664,4222.22412109375,0.005399018060415983,1.8613630533218384,14.4539794921875
2569.935302734375,106.64614868164062,4221.9228515625,0.008269011974334717,1.8643068075180054,14.468917846679688
2569.85546875,106.6563720703125,4221.61279296875,0.013025681488215923,1.8668886423110962,14.443923950195312
2569.7734375,106.66683959960938,4221.2958984375,0.015988048166036606,1.8684595823287964,14.468368530273438
2569.689697265625,106.67757415771484,4220.970703125,0.01979711465537548,1.869504690170288,14.449172973632812
2569.60400390625,106.68852996826172,4220.63818359375,0.020468713715672493,1.8708775043487549,14.478538513183594
2569.516357421875,106.69975280761719,4220.29736328125,0.02319500222802162,1.872188925743103,14.460037231445312
2569.4267578125,106.71122741699219,4219.94873046875,0.025253456085920334,1.8739852905273438,14.483589172363281
2569.334716796875,106.72296905517578,4219.5927734375,0.026122653856873512,1.8751121759414673,14.460350036621094
2569.240478515625,106.73495483398438,4219.228515625,0.02680012211203575,1.8758020401000977,14.48175048828125
2569.14404296875,106.74723052978516,4218.85498046875,0.028876490890979767,1.8757474422454834,14.460174560546875
2569.045654296875,106.75981903076172,4218.47216796875,0.03032265044748783,1.8756449222564697,14.480812072753906
2568.944580078125,106.77273559570312,4218.0810546875,0.032396502792835236,1.8752965927124023,14.460525512695312
2568.84130859375,106.78595733642578,4217.6796875,0.03527667000889778,1.8762459754943848,14.479995727539062
2568.735107421875,106.79950714111328,4217.26904296875,0.04081089049577713,1.8774207830429077,14.461105346679688
2568.62646484375,106.81340789794922,4216.8486328125,0.0448593907058239,1.8782404661178589,14.479164123535156
2568.51513671875,106.82757568359375,4216.41796875,0.047385018318891525,1.8796064853668213,14.46173095703125
2568.401611328125,106.84207916259766,4215.97705078125,0.04683545604348183,1.880753993988037,14.478286743164062
2568.28515625,106.85688018798828,4215.5263671875,0.047201137989759445,1.8812730312347412,14.462203979492188
2568.166015625,106.8720474243164,4215.064453125,0.046854015439748764,1.881969690322876,14.477180480957031
2568.04443359375,106.88756561279297,4214.5927734375,0.04834805428981781,1.8814233541488647,14.462905883789062
2567.919921875,106.9034423828125,4214.1103515625,0.05030326172709465,1.8805217742919922,14.475837707519531
2567.792724609375,106.91966247558594,4213.61767578125,0.05212869495153427,1.8801802396774292,14.464332580566406
2567.6630859375,106.93621063232422,4213.11474609375,0.05318496376276016,1.8803304433822632,14.474365234375
2567.530517578125,106.95307159423828,4212.60107421875,0.05222443863749504,1.8806241750717163,14.465599060058594
2567.3955078125,106.97028350830078,4212.0771484375,0.0516694150865078,1.8811842203140259,14.473396301269531
2567.257568359375,106.98783111572266,4211.54296875,0.05185280740261078,1.881061315536499,14.46673583984375
2567.1171875,107.00570678710938,4210.99853515625,0.051189593970775604,1.8808153867721558,14.472084045410156
2566.974365234375,107.02392578125,4210.44482421875,0.05124714598059654,1.880753993988037,14.467887878417969
2566.82861328125,107.04248046875,4209.88037109375,0.050715211778879166,1.880303144454956,14.471260070800781
2566.6806640625,107.06133270263672,4209.30615234375,0.05064631626009941,1.8796064853668213,14.468605041503906
2566.530029296875,107.08051300048828,4208.72265625,0.0505150742828846,1.879210352897644,14.470672607421875
2566.377197265625,107.10001373291016,4208.12939453125,0.05057619884610176,1.8787869215011597,14.469284057617188
2566.2216796875,107.11981201171875,4207.52685546875,0.05070607736706734,1.878301978111267,14.470245361328125
2566.06396484375,107.13990783691406,4206.9150390625,0.050347764045000076,1.8776599168777466,14.469764709472656
2565.90380859375,107.16033172607422,4206.29443359375,0.05042825639247894,1.8772022724151611,14.470069885253906
2565.740966796875,107.1810531616211,4205.6640625,0.050863005220890045,1.8769222497940063,14.469985961914062
2565.575927734375,107.2020492553711,4205.0244140625,0.046561699360609055,1.8758089542388916,14.470046997070312
2565.40869140625,107.22335052490234,4204.3759765625,0.04261127486824989,1.8744428157806396,14.47015380859375
2565.239013671875,107.24494934082031,4203.71826171875,0.041934553533792496,1.8740193843841553,14.4703369140625
2565.06689453125,107.26686096191406,4203.05126953125,0.04186071455478668,1.8740193843841553,14.4705810546875
2564.892578125,107.28904724121094,4202.37548828125,0.037586234509944916,1.8731656074523926,14.470809936523438
2564.716064453125,107.31150817871094,4201.6904296875,0.031089648604393005,1.8729811906814575,14.470924377441406
2564.536865234375,107.33430480957031,4200.99658203125,0.02947365492582321,1.8729674816131592,14.471092224121094
2564.35546875,107.35740661621094,4200.29345703125,0.029927361756563187,1.8730767965316772,14.471260070800781
2564.171875,107.38082885742188,4199.58154296875,0.02514759637415409,1.8747775554656982,14.471450805664062
2563.98583984375,107.40450286865234,4198.8603515625,0.02158147096633911,1.8766080141067505,14.471702575683594
2563.79736328125,107.42849731445312,4198.130859375,0.020815180614590645,1.8772841691970825,14.471961975097656
2563.6064453125,107.4527587890625,4197.3916015625,0.017473086714744568,1.8757201433181763,14.472244262695312
2563.41357421875,107.47733306884766,4196.64404296875,0.010132336989045143,1.8720386028289795,14.472480773925781
2563.21826171875,107.502197265625,4195.88720703125,0.005996151361614466,1.870255947113037,14.472709655761719
2563.020751953125,107.52735137939453,4195.12158203125,0.005833526607602835,1.8699896335601807,14.473007202148438
2562.82080078125,107.55278778076172,4194.34716796875,0.0007442476344294846,1.8723801374435425,14.473175048828125
2562.6240234375,107.5785140991211,4193.5625,-0.03161605820059776,1.8753854036331177,14.199562072753906
2562.436279296875,107.60447692871094,4192.76806640625,-0.06710826605558395,1.8757884502410889,13.426292419433594
2562.2578125,107.63072204589844,4191.962890625,-0.0853271409869194,1.873957872390747,12.342544555664062
2562.091064453125,107.65724182128906,4191.14599609375,-0.09555064886808395,1.8703925609588623,11.072433471679688
2561.9375,107.68402099609375,4190.31884765625,-0.0951843336224556,1.8673052787780762,9.687576293945312
2561.7919921875,107.71105194091797,4189.48046875,-0.05358881503343582,1.865085482597351,8.597869873046875
2561.651611328125,107.73828125,4188.63232421875,-0.01696780137717724,1.8637809753417969,7.958747863769531
2561.517333984375,107.76585388183594,4187.7734375,0.0016127772396430373,1.8631662130355835,7.582191467285156
2561.388671875,107.793701171875,4186.90576171875,0.019608845934271812,1.863207221031189,7.359397888183594
2561.264404296875,107.82179260253906,4186.02685546875,0.03536184877157211,1.8640542030334473,7.2272186279296875
2561.143310546875,107.85020446777344,4185.13916015625,0.04459160938858986,1.8665881156921387,7.1484375
2561.0244140625,107.87891387939453,4184.2421875,0.05762719735503197,1.867462396621704,7.101448059082031
2560.906494140625,107.90790557861328,4183.3359375,0.07432416826486588,1.8679473400115967,7.073150634765625
2560.78955078125,107.93718719482422,4182.42041015625,0.08676744997501373,1.868036150932312,7.05609130859375
2560.6728515625,107.966796875,4181.49560546875,0.09530104696750641,1.8682342767715454,7.04583740234375
2560.555419921875,107.99663543701172,4180.56201171875,0.10841540992259979,1.8685551881790161,7.039703369140625
2560.43798828125,108.02676391601562,4179.6201171875,0.11829860508441925,1.8683093786239624,7.036041259765625
2560.31982421875,108.05719757080078,4178.66845703125,0.12525057792663574,1.8665540218353271,7.033882141113281
2560.200927734375,108.08792114257812,4177.70849609375,0.12799319624900818,1.868036150932312,7.032539367675781
2560.0810546875,108.11894989013672,4176.7392578125,0.12908720970153809,1.8710756301879883,7.031776428222656
2559.960205078125,108.14998626708984,4175.76123046875,0.13075751066207886,1.8584260940551758,7.031593322753906
2559.83349609375,108.18112182617188,4174.7763671875,0.1542239487171173,1.8358659744262695,7.309822082519531
2559.694091796875,108.21194458007812,4173.78466796875,0.1826505810022354,1.7815113067626953,8.098663330078125
2559.547607421875,108.24213409423828,4172.7861328125,0.16720351576805115,1.7254968881607056,8.876472473144531
2559.397216796875,108.27167510986328,4171.77880859375,0.13664865493774414,1.6469497680664062,9.370582580566406
2559.240966796875,108.30008697509766,4170.76318359375,0.11944398283958435,1.5799524784088135,9.689704895019531
2559.077880859375,108.32742309570312,4169.740234375,0.10996241867542267,1.4965627193450928,9.894874572753906
2558.9091796875,108.35358428955078,4168.70947265625,0.10169200599193573,1.4280012845993042,10.029487609863281
2558.735107421875,108.37855529785156,4167.66943359375,0.09279130399227142,1.3447412252426147,10.1165771484375
2558.556396484375,108.40221405029297,4166.62158203125,0.08333725482225418,1.2760295867919922,10.174659729003906
2558.373291015625,108.42513275146484,4165.5654296875,0.0733657255768776,1.2100498676300049,10.212982177734375
2558.186767578125,108.44676208496094,4164.50048828125,0.06289803236722946,1.1629079580307007,10.239151000976562
2557.9970703125,108.4676742553711,4163.42724609375,0.05060316622257233,1.1193859577178955,10.256568908691406
2557.8046875,108.48815155029297,4162.345703125,0.03870013356208801,1.0903030633926392,10.26849365234375
2557.609619140625,108.50823211669922,4161.2548828125,0.03092772141098976,1.0787941217422485,10.276870727539062
2557.412353515625,108.52800750732422,4160.15576171875,0.01953943446278572,1.0668208599090576,10.282485961914062
2557.212646484375,108.54778289794922,4159.0478515625,0.010578013025224209,1.0528053045272827,10.286300659179688
2557.010986328125,108.56764221191406,4157.93115234375,0.0034825343172997236,1.044697880744934,10.288955688476562
2556.8076171875,108.58751678466797,4156.80615234375,-0.005035438574850559,1.0481743812561035,10.290878295898438
2556.6025390625,108.60750579833984,4155.67333984375,-0.012115437537431717,1.0525115728378296,10.292266845703125
2556.39599609375,108.62773132324219,4154.5341796875,-0.019073475152254105,1.0522520542144775,10.293289184570312
2556.189697265625,108.64808654785156,4153.3955078125,-0.02478029765188694,1.0431747436523438,10.293968200683594
2555.984375,108.6683578491211,4152.26318359375,-0.02795412763953209,1.029493808746338,10.294471740722656
2555.780517578125,108.68851470947266,4151.14111328125,-0.03128048777580261,1.013258457183838,10.2947998046875
2555.5791015625,108.70845794677734,4150.03125,-0.03311159461736679,0.9984233379364014,10.295089721679688
2555.380126953125,108.72842407226562,4148.93603515625,-0.03598031401634216,1.0009846687316895,10.295303344726562
2555.183837890625,108.74847412109375,4147.8564453125,-0.037261977791786194,1.0204575061798096,10.295417785644531
2554.990478515625,108.76848602294922,4146.7919921875,-0.03982553258538246,1.0471431016921997,10.295547485351562
2554.80029296875,108.78976440429688,4145.744140625,-0.04385373368859291,1.1105408668518066,10.29571533203125
2554.61279296875,108.81180572509766,4144.7119140625,-0.04495244473218918,1.1895525455474854,10.295906066894531
2554.43310546875,108.83409118652344,4143.6962890625,-0.075714111328125,1.2620481252670288,10.031219482421875
2554.26806640625,108.85739135742188,4142.69677734375,-0.11773674190044403,1.2795060873031616,9.270263671875
2554.117431640625,108.88106536865234,4141.71240234375,-0.14657583832740784,1.2849770784378052,8.170989990234375
2553.98388671875,108.90573120117188,4140.7421875,-0.16345201432704926,1.3523226976394653,6.835578918457031
2553.869140625,108.93075561523438,4139.7880859375,-0.1702270805835724,1.4441068172454834,5.363868713378906
2553.7685546875,108.95564270019531,4138.84912109375,-0.1385193169116974,1.5354127883911133,4.16058349609375
2553.67919921875,108.98152923583984,4137.92431640625,-0.10028087347745895,1.5646800994873047,3.4133453369140625
2553.6015625,109.0077896118164,4137.01513671875,-0.07861336320638657,1.5643590688705444,2.94464111328125
2553.534423828125,109.0345458984375,4136.12109375,-0.04879756271839142,1.6041176319122314,2.6428070068359375
2553.476806640625,109.06180572509766,4135.24169921875,-0.028594816103577614,1.683518648147583,2.4480361938476562
2553.426513671875,109.08891296386719,4134.376953125,-0.00891103595495224,1.771033763885498,2.3238525390625
2553.381591796875,109.11591339111328,4133.52685546875,0.020761683583259583,1.8408656120300293,2.24652099609375
2553.341552734375,109.14371490478516,4132.69287109375,0.047255631536245346,1.8549221754074097,2.201568603515625
2553.3046875,109.17150115966797,4131.87255859375,0.0718499943614006,1.853317141532898,2.17388916015625
2553.270751953125,109.19962310791016,4131.06591796875,0.10752874612808228,1.8925018310546875,2.1551513671875
2553.238525390625,109.22808074951172,4130.2734375,0.1290307193994522,1.9653048515319824,2.14239501953125
2553.2080078125,109.25628662109375,4129.4951171875,0.14711493253707886,2.0447330474853516,2.134033203125
2553.178466796875,109.28408813476562,4128.72998046875,0.1662696897983551,2.119933605194092,2.1286544799804688
2553.150146484375,109.31246185302734,4127.9794921875,0.1857123076915741,2.1457173824310303,2.1257400512695312
2553.12255859375,109.3409423828125,4127.2421875,0.1974826604127884,2.146653175354004,2.1241073608398438
2553.095458984375,109.36917114257812,4126.517578125,0.20962238311767578,2.146263837814331,2.123199462890625
2553.069091796875,109.39733123779297,4125.8056640625,0.22052964568138123,2.169527530670166,2.1225357055664062
2553.04345703125,109.42520904541016,4125.10693359375,0.225843608379364,2.2026402950286865,2.1219329833984375
2553.018310546875,109.45281219482422,4124.42041015625,0.21902230381965637,2.247220993041992,2.1215438842773438
2552.993408203125,109.48014068603516,4123.74609375,0.2201358526945114,2.302497625350952,2.121368408203125
2552.96923828125,109.50736999511719,4123.08447265625,0.2142648696899414,2.3354601860046387,2.1214370727539062
2552.9453125,109.5343246459961,4122.4345703125,0.1976006031036377,2.348881483078003,2.1218109130859375
2552.921875,109.56106567382812,4121.79638671875,0.18600331246852875,2.3635799884796143,2.1226730346679688
2552.898681640625,109.58772277832031,4121.16943359375,0.18070238828659058,2.3683817386627197,2.1236190795898438
2552.876220703125,109.61396026611328,4120.55322265625,0.16317732632160187,2.362405300140381,2.124664306640625
2552.853759765625,109.63955688476562,4119.94775390625,0.13305412232875824,2.3617427349090576,2.1256103515625
2552.83203125,109.66470336914062,4119.35205078125,0.11607052385807037,2.3700003623962402,2.1269454956054688
2552.81005859375,109.68962860107422,4118.7666015625,0.1111292764544487,2.3730876445770264,2.12713623046875
2552.7890625,109.71408081054688,4118.19091796875,0.09441370517015457,2.3684089183807373,2.1318359375
2552.76806640625,109.73795318603516,4117.62451171875,0.06726150959730148,2.3684089183807373,2.1240310668945312
2552.747314453125,109.76144409179688,4117.06689453125,0.048697493970394135,2.3767144680023193,2.1338882446289062
2552.72705078125,109.78475952148438,4116.51806640625,0.04444772005081177,2.3805665969848633,2.122283935546875
2552.706787109375,109.80772399902344,4115.9775390625,0.032142359763383865,2.3773770332336426,2.1387176513671875
2552.68701171875,109.83026885986328,4115.44482421875,0.018963199108839035,2.3803138732910156,2.12481689453125
2552.667724609375,109.85237884521484,4114.91943359375,-0.006072924472391605,2.385429859161377,2.1417160034179688
2552.648193359375,109.87421417236328,4114.40234375,-0.020080670714378357,2.3866660594940186,2.1265945434570312
2552.62939453125,109.89584350585938,4113.892578125,-0.028381409123539925,2.385709762573242,2.1448440551757812
2552.610595703125,109.91710662841797,4113.38916015625,-0.04550172761082649,2.379610538482666,2.1285629272460938
2552.592041015625,109.93795776367188,4112.89306640625,-0.07046517729759216,2.3791868686676025,2.1477584838867188
2552.573486328125,109.95868682861328,4112.40380859375,-0.07553117722272873,2.3799245357513428,2.1306228637695312
2552.5556640625,109.9791488647461,4111.92041015625,-0.08370977640151978,2.3845691680908203,2.1506118774414062
2552.537841796875,109.99928283691406,4111.44384765625,-0.09698482602834702,2.385436534881592,2.1319503784179688
2552.52001953125,110.01918029785156,4110.97265625,-0.11022946238517761,2.3836472034454346,2.1525650024414062
2552.50244140625,110.03875732421875,4110.5078125,-0.12399294972419739,2.3886468410491943,2.1330490112304688
2552.485595703125,110.05797576904297,4110.0478515625,-0.14984139800071716,2.388749361038208,2.154144287109375
2552.46826171875,110.07701110839844,4109.59375,-0.1673581898212433,2.382718086242676,2.134063720703125
2552.451416015625,110.09593200683594,4109.14501953125,-0.17645277082920074,2.378920555114746,2.15673828125
2552.4345703125,110.1147232055664,4108.70068359375,-0.17764277756214142,2.3789615631103516,2.13629150390625
2552.418212890625,110.13324737548828,4108.26123046875,-0.18865978717803955,2.384207248687744,2.1593017578125
2552.40185546875,110.15151977539062,4107.82666015625,-0.2002563327550888,2.3803822994232178,2.1380157470703125
2552.385498046875,110.16950988769531,4107.39599609375,-0.21679681539535522,2.3736886978149414,2.1615371704101562
2552.369384765625,110.18721771240234,4106.9697265625,-0.23889148235321045,2.3740780353546143,2.139495849609375
2552.35302734375,110.20479583740234,4106.5478515625,-0.250091552734375,2.3773155212402344,2.16387939453125
2552.3369140625,110.22213745117188,4106.12890625,-0.2542418837547302,2.3663394451141357,2.1414108276367188
2552.321533203125,110.23931121826172,4105.7138671875,-0.2581177055835724,2.350302219390869,2.1653289794921875
2552.305908203125,110.25636291503906,4105.30224609375,-0.2573241591453552,2.3349478244781494,2.14276123046875
2552.29052734375,110.27299499511719,4104.8935546875,-0.27307119965553284,2.3166770935058594,2.1667633056640625
2552.27490234375,110.28909301757812,4104.48779296875,-0.2754819393157959,2.287539482116699,2.1437911987304688
2552.25927734375,110.30484771728516,4104.0849609375,-0.29009994864463806,2.249563694000244,2.1675338745117188
2552.24365234375,110.3205337524414,4103.6845703125,-0.2942200303077698,2.2082955837249756,2.1435165405273438
2552.228759765625,110.33596801757812,4103.28662109375,-0.2973937690258026,2.1725738048553467,2.1677474975585938
2552.213623046875,110.35087585449219,4102.890625,-0.29730233550071716,2.129488945007324,2.1437149047851562
2552.198974609375,110.36539459228516,4102.49658203125,-0.2926329970359802,2.0718626976013184,2.1679306030273438
2552.18408203125,110.3796157836914,4102.1044921875,-0.2946777641773224,2.0111491680145264,2.1432342529296875
2552.16943359375,110.39339447021484,4101.71337890625,-0.2956237196922302,1.9634743928909302,2.1671829223632812
2552.154296875,110.4067153930664,4101.32373046875,-0.28384384512901306,1.9232786893844604,2.1429443359375
2552.139404296875,110.41954803466797,4100.93505859375,-0.2779236137866974,1.870071530342102,2.166717529296875
2552.12451171875,110.43220520019531,4100.54736328125,-0.26974502205848694,1.8130258321762085,2.1409378051757812
2552.10986328125,110.44473266601562,4100.16015625,-0.27215576171875,1.764661192893982,2.1641464233398438
2552.0947265625,110.45687866210938,4099.7734375,-0.2562255859375,1.7270678281784058,2.1392593383789062
2552.079833984375,110.46837615966797,4099.38720703125,-0.24633796513080597,1.6861413717269897,2.16204833984375
2552.06494140625,110.47960662841797,4099.001953125,-0.23849482834339142,1.646061897277832,2.1361083984375
2552.05029296875,110.49083709716797,4098.61572265625,-0.23773184418678284,1.6081610918045044,2.1589889526367188
2552.03515625,110.50186920166016,4098.228515625,-0.2190857231616974,1.5759977102279663,2.1340255737304688
2552.020263671875,110.51231384277344,4097.84130859375,-0.21002191305160522,1.5457605123519897,2.15673828125
2552.00537109375,110.52254486083984,4097.453125,-0.20043940842151642,1.5110700130462646,2.1312179565429688
2551.990478515625,110.53280639648438,4097.064453125,-0.193328857421875,1.4708811044692993,2.154296875
2551.975341796875,110.54280853271484,4096.67431640625,-0.17166133224964142,1.433035135269165,2.1295928955078125
2551.96044921875,110.55225372314453,4096.28271484375,-0.1571960151195526,1.396302342414856,2.1520843505859375
2551.945556640625,110.56159973144531,4095.889892578125,-0.14990243315696716,1.358763575553894,2.1267623901367188
2551.930908203125,110.5710220336914,4095.4951171875,-0.15039056539535522,1.3191553354263306,2.1491622924804688
2551.915771484375,110.58023071289062,4095.098388671875,-0.13525383174419403,1.280687689781189,2.1250686645507812
2551.901123046875,110.58893585205078,4094.69970703125,-0.12628169357776642,1.239494800567627,2.147125244140625
2551.885986328125,110.59746551513672,4094.29833984375,-0.1201476901769638,1.2010135650634766,2.1228713989257812
2551.87109375,110.60600280761719,4093.89453125,-0.114349365234375,1.1641919612884521,2.14471435546875
2551.85595703125,110.61408233642578,4093.488037109375,-0.094940185546875,1.1277803182601929,2.12152099609375
2551.8408203125,110.62177276611328,4093.078369140625,-0.08535762876272202,1.0884521007537842,2.1431198120117188
2551.8251953125,110.62944793701172,4092.665771484375,-0.08398425579071045,1.0478260517120361,2.1194915771484375
2551.8095703125,110.63712310791016,4092.250244140625,-0.079071044921875,1.0074665546417236,2.1405868530273438
2551.793701171875,110.64424896240234,4091.83056640625,-0.06790155917406082,0.9678514003753662,2.1184616088867188
2551.7783203125,110.65108489990234,4091.406982421875,-0.06539911031723022,0.9263580441474915,2.139373779296875
2551.762451171875,110.65789794921875,4090.9794921875,-0.062408436089754105,0.882125735282898,2.117462158203125
2551.74609375,110.6644515991211,4090.54833984375,-0.047515869140625,0.839081883430481,2.13812255859375
2551.729736328125,110.67042541503906,4090.1123046875,-0.0380249060690403,0.795826256275177,2.1171722412109375
2551.71337890625,110.67630004882812,4089.672119140625,-0.036743149161338806,0.7513002753257751,2.1369781494140625
2551.69677734375,110.68212890625,4089.22705078125,-0.03390505537390709,0.7070611715316772,2.1166229248046875
2551.680419921875,110.68751525878906,4088.77685546875,-0.029724104329943657,0.6697819828987122,2.1357650756835938
2551.6630859375,110.69270324707031,4088.321533203125,-0.02853396348655224,0.6362047791481018,2.11602783203125
2551.64599609375,110.69783782958984,4087.860595703125,-0.02420046180486679,0.6034608483314514,2.1345748901367188
2551.628662109375,110.70275115966797,4087.39404296875,-0.01623537391424179,0.5835098624229431,2.11578369140625
2551.611328125,110.70745849609375,4086.921875,-0.013977055437862873,0.5741661787033081,2.1335067749023438
2551.59326171875,110.71217346191406,4086.443115234375,-0.013275146484375,0.5659494400024414,2.1156234741210938
2551.575439453125,110.71685028076172,4085.958251953125,-0.00802612490952015,0.5620015859603882,2.13262939453125
2551.557373046875,110.721435546875,4085.467041015625,-0.005096422508358955,0.5650410056114197,2.1157760620117188
2551.538818359375,110.72605895996094,4084.96923828125,-0.003265391569584608,0.5691527724266052,2.13165283203125
2551.52001953125,110.73075103759766,4084.464599609375,-0.002380386460572481,0.5731006264686584,2.1159591674804688
2551.501220703125,110.73554229736328,4083.952392578125,0.00114712945651263,0.5760581493377686,2.1307296752929688
2551.48193359375,110.74042510986328,4083.43359375,0.00402395986020565,0.5785921216011047,2.1163253784179688
2551.46240234375,110.74537658691406,4082.906982421875,0.00817458238452673,0.5810987949371338,2.1296310424804688
2551.442626953125,110.75043487548828,4082.372802734375,0.011038210242986679,0.5829019546508789,2.1169509887695312
2551.42236328125,110.75559997558594,4081.83056640625,0.01345966849476099,0.5847939252853394,2.12823486328125
2551.40185546875,110.76084899902344,4081.280029296875,0.01565067656338215,0.5863648653030396,2.11773681640625
2551.37646484375,110.7662582397461,4080.72119140625,0.05430201068520546,0.5933862924575806,2.379638671875
2551.33984375,110.77249908447266,4080.155029296875,0.1074765995144844,0.6376732587814331,3.0770187377929688
2551.29345703125,110.77981567382812,4079.583984375,0.14322566986083984,0.7270258069038391,4.01605224609375
2551.23779296875,110.78913879394531,4079.013427734375,0.1546451300382614,0.8974526524543762,5.039772033691406
2551.17333984375,110.79943084716797,4078.447509765625,0.1590040773153305,1.0910816192626953,6.128753662109375
2551.095458984375,110.81086730957031,4077.889404296875,0.17793160676956177,1.3304866552352905,7.43359375
2551.0,110.82345581054688,4077.343994140625,0.19298389554023743,1.548301339149475,9.141189575195312
2550.888427734375,110.8367919921875,4076.811767578125,0.17773810029029846,1.7296701669692993,11.010025024414062
2550.760986328125,110.85191345214844,4076.29345703125,0.1394885629415512,1.8178410530090332,12.967193603515625
2550.618896484375,110.86778259277344,4075.790283203125,0.0968271866440773,1.8693338632583618,14.925193786621094
2550.459716796875,110.88412475585938,4075.303955078125,0.0507475882768631,1.8828507661819458,17.08592987060547
2550.28076171875,110.90081024169922,4074.83837890625,0.022637074813246727,1.8589656352996826,19.532699584960938
2550.084716796875,110.91706085205078,4074.39208984375,-0.028472770005464554,1.8232437372207642,22.161544799804688
2549.8720703125,110.9325942993164,4073.96533203125,-0.08926386386156082,1.787118911743164,24.816932678222656
2549.64453125,110.9474105834961,4073.558349609375,-0.1643981784582138,1.7482073307037354,27.503128051757812
2549.40283203125,110.96150970458984,4073.171875,-0.24472041428089142,1.707711100578308,30.131324768066406
2549.147216796875,110.97482299804688,4072.8076171875,-0.3136900067329407,1.6617780923843384,32.90771484375
2548.877197265625,110.98728942871094,4072.470458984375,-0.370880126953125,1.6073483228683472,35.890174865722656
2548.59521484375,110.99893188476562,4072.158447265625,-0.44250476360321045,1.5491893291473389,39.00555419921875
2548.30224609375,111.00970458984375,4071.87060546875,-0.5255125761032104,1.4903676509857178,42.10212707519531
2548.000732421875,111.0196762084961,4071.6064453125,-0.6150818467140198,1.4288276433944702,45.20973205566406
2547.69140625,111.02880859375,4071.36865234375,-0.6900328993797302,1.3606623411178589,48.36915588378906
2547.378662109375,111.03491973876953,4071.156982421875,-1.109618902206421,1.144978642463684,51.66578674316406
2547.06982421875,111.03099060058594,4070.96533203125,-2.696868658065796,0.41812366247177124,54.778961181640625
2546.759521484375,111.02153778076172,4070.79736328125,-4.567902565002441,-0.45612001419067383,57.829376220703125
2546.4423828125,111.00479125976562,4070.6552734375,-5.759829521179199,-1.5859630107879639,60.64265441894531
2546.12255859375,110.97394561767578,4070.532958984375,-5.871768474578857,-3.253690242767334,63.27470397949219
2545.802978515625,110.93583679199219,4070.43017578125,-5.794253826141357,-5.105135917663574,66.00691223144531
2545.48779296875,110.89681243896484,4070.3564453125,-5.328433036804199,-6.880861759185791,69.27879333496094
2545.175537109375,110.8581314086914,4070.306396484375,-4.784181594848633,-8.596038818359375,72.71168518066406
2544.8671875,110.81983184814453,4070.278076171875,-4.193757057189941,-10.297028541564941,76.24151611328125
2544.56494140625,110.78102111816406,4070.271728515625,-3.5646064281463623,-11.75606632232666,79.95753479003906
2544.27294921875,110.73896026611328,4070.287109375,-3.004578113555908,-12.657432556152344,84.02264404296875
2543.98828125,110.69252014160156,4070.326904296875,-1.535156011581421,-12.523158073425293,88.47698974609375
2543.714111328125,110.65193939208984,4070.386474609375,-0.8038633465766907,-11.448612213134766,92.93330383300781
2543.44580078125,110.61579895019531,4070.466552734375,-0.44067367911338806,-10.089479446411133,96.80191040039062
2543.17529296875,110.58056640625,4070.55126953125,-0.3240659534931183,-8.667632102966309,99.69454956054688
2542.903076171875,110.5444107055664,4070.6298828125,-0.34021010994911194,-7.296724796295166,101.34965515136719
2542.632080078125,110.507568359375,4070.69921875,-0.3773498237133026,-5.9888596534729,102.13360595703125
2542.36279296875,110.4696044921875,4070.763916015625,-0.3676757216453552,-4.774534225463867,102.43814086914062
2542.096923828125,110.4311294555664,4070.826171875,-0.2934874892234802,-3.656008720397949,102.6097412109375
2541.8349609375,110.39393615722656,4070.88720703125,-0.0772705227136612,-2.7039146423339844,102.65043640136719
2541.576904296875,110.35733032226562,4070.946044921875,0.20189595222473145,-1.8355995416641235,102.71539306640625
2541.324951171875,110.32652282714844,4071.001708984375,0.1756826490163803,-1.2648006677627563,102.68864440917969
2541.081298828125,110.31266021728516,4071.055908203125,0.12212943285703659,-1.3540644645690918,102.69450378417969
2540.83935546875,110.30567169189453,4071.110107421875,0.11136792600154877,-1.617737054824829,102.69383239746094
2540.5986328125,110.30095672607422,4071.164306640625,0.11159097403287888,-1.9099394083023071,102.69309997558594
2540.359375,110.29660034179688,4071.21875,0.12294667959213257,-2.185455560684204,102.69230651855469
2540.121337890625,110.29133605957031,4071.268310546875,0.10084331035614014,-2.417292594909668,102.50126647949219
2539.884521484375,110.28526306152344,4071.3115234375,0.05910174921154976,-2.621918201446533,102.06883239746094
2539.6494140625,110.27837371826172,4071.3505859375,0.03771423548460007,-2.7997422218322754,101.58541870117188
2539.4169921875,110.26995086669922,4071.39208984375,0.06501027196645737,-2.920377016067505,101.34776306152344
2539.1865234375,110.26055145263672,4071.436767578125,0.10081447660923004,-3.0119287967681885,101.30581665039062
2538.957763671875,110.24990844726562,4071.482177734375,0.11887270957231522,-3.059904098510742,101.29925537109375
2538.73095703125,110.23853302001953,4071.52734375,0.1267303079366684,-3.085141658782959,101.29829406738281
2538.505126953125,110.2264404296875,4071.57275390625,0.13483142852783203,-3.0934131145477295,101.29827880859375
2538.28076171875,110.21365356445312,4071.617919921875,0.13882902264595032,-3.115938901901245,101.29827880859375
2538.0576171875,110.20053100585938,4071.662841796875,0.13831888139247894,-3.145718574523926,101.29824829101562
2537.83544921875,110.18733978271484,4071.70654296875,0.1373654156923294,-3.1779775619506836,101.29826354980469
2537.6142578125,110.17417907714844,4071.750244140625,0.13626790046691895,-3.210871696472168,101.29800415039062
2537.3935546875,110.16043853759766,4071.7939453125,0.15208160877227783,-3.2819535732269287,101.29866027832031
2537.173828125,110.14607238769531,4071.837646484375,0.15504087507724762,-3.3806703090667725,101.29771423339844
