2536.994140625,110.14573669433594,4070.615966796875,0.06147604063153267,-3.383415937423706,99.92471313476562
2536.8564453125,110.13662719726562,4070.6396484375,0.062302179634571075,-3.450256109237671,99.92469787597656
2536.71728515625,110.12740325927734,4070.66455078125,0.06260653585195541,-3.517301321029663,99.92462158203125
2536.576416015625,110.11811065673828,4070.689697265625,0.0627455860376358,-3.5844080448150635,99.92457580566406
2536.43408203125,110.10871124267578,4070.714599609375,0.0639115571975708,-3.652252197265625,99.92453002929688
2536.290283203125,110.09898376464844,4070.739501953125,0.06683675199747086,-3.734098434448242,99.924560546875
2536.14501953125,110.08898162841797,4070.764404296875,0.06733018159866333,-3.8239426612854004,99.92446899414062
2535.997802734375,110.07877349853516,4070.789794921875,0.06796962022781372,-3.916621446609497,99.92442321777344
2535.849365234375,110.06842803955078,4070.81640625,0.06848646700382233,-4.010434150695801,99.92433166503906
2535.698974609375,110.05797576904297,4070.8427734375,0.0686967596411705,-4.104677200317383,99.92427062988281
2535.546875,110.04741668701172,4070.869384765625,0.06846853345632553,-4.199609756469727,99.9241943359375
2535.3935546875,110.0367431640625,4070.8955078125,0.06846597045660019,-4.293183326721191,99.924072265625
2535.23779296875,110.02559661865234,4070.92236328125,0.06680671125650406,-4.372010707855225,99.924072265625
2535.080810546875,110.01407623291016,4070.950439453125,0.06652243435382843,-4.444492816925049,99.92405700683594
2534.922119140625,110.00235748291016,4070.978759765625,0.0657706931233406,-4.515806674957275,99.92393493652344
2534.761474609375,109.99052429199219,4071.006591796875,0.06585518270730972,-4.587946891784668,99.9239501953125
2534.59912109375,109.97855377197266,4071.03466796875,0.06591575592756271,-4.660463333129883,99.92393493652344
2534.435302734375,109.96640014648438,4071.062744140625,0.06753334403038025,-4.731292247772217,99.92390441894531
2534.269287109375,109.95330810546875,4071.092529296875,0.0708097442984581,-4.770196914672852,99.92390441894531
2534.101318359375,109.9395980834961,4071.1220703125,0.07216689735651016,-4.794676303863525,99.92390441894531
2533.931396484375,109.92552185058594,4071.15185546875,0.07231029868125916,-4.81540584564209,99.92390441894531
2533.759521484375,109.91128540039062,4071.181396484375,0.07206748425960541,-4.836422443389893,99.92387390136719
2533.5859375,109.89688110351562,4071.211181640625,0.07196132838726044,-4.858367919921875,99.923828125
2533.41064453125,109.88209533691406,4071.242431640625,0.07581547647714615,-4.883974075317383,99.92387390136719
2533.233154296875,109.86653900146484,4071.273681640625,0.07822594046592712,-4.902675151824951,99.92393493652344
2533.0537109375,109.85053253173828,4071.304931640625,0.07797429710626602,-4.918889999389648,99.92393493652344
2532.8720703125,109.83423614501953,4071.336181640625,0.07822123914957047,-4.934873104095459,99.92393493652344
2532.6884765625,109.8177719116211,4071.36865234375,0.07820941507816315,-4.951135635375977,99.92393493652344
2532.502685546875,109.80113983154297,4071.4013671875,0.07804880291223526,-4.968477249145508,99.92393493652344
2532.315185546875,109.78435516357422,4071.434326171875,0.07757701724767685,-4.986358642578125,99.92393493652344
2532.125732421875,109.76741027832031,4071.467041015625,0.07763168215751648,-5.004390716552734,99.92393493652344
2531.934326171875,109.75033569335938,4071.500244140625,0.07716221362352371,-5.023043632507324,99.92393493652344
2531.740966796875,109.73312377929688,4071.53466796875,0.07742203772068024,-5.04217529296875,99.92393493652344
2531.54541015625,109.71573638916016,4071.569091796875,0.07789435237646103,-5.061614036560059,99.92393493652344
2531.34765625,109.69820404052734,4071.603271484375,0.07726813852787018,-5.081448554992676,99.92393493652344
2531.14794921875,109.68048858642578,4071.6376953125,0.0767098143696785,-5.101645469665527,99.92393493652344
2530.946533203125,109.66258239746094,4071.67333984375,0.07696390897035599,-5.121671676635742,99.92393493652344
2530.742919921875,109.64444732666016,4071.709228515625,0.07893270999193192,-5.146670341491699,99.9239501953125
2530.536865234375,109.62580108642578,4071.744873046875,0.08062492311000824,-5.182951927185059,99.92405700683594
2530.329345703125,109.60647583007812,4071.78076171875,0.08153289556503296,-5.210136413574219,99.924072265625
2530.119384765625,109.58670806884766,4071.817626953125,0.08169934153556824,-5.23288106918335,99.924072265625
2529.9072265625,109.5666275024414,4071.855224609375,0.08222939819097519,-5.254272937774658,99.924072265625
2529.693115234375,109.5463638305664,4071.892822265625,0.08207645267248154,-5.275419235229492,99.924072265625
2529.4765625,109.52588653564453,4071.93017578125,0.08188093453645706,-5.296934127807617,99.924072265625
2529.25830078125,109.50523376464844,4071.96826171875,0.08242277055978775,-5.318941116333008,99.924072265625
2529.03759765625,109.48440551757812,4072.00732421875,0.08246450871229172,-5.341248512268066,99.924072265625
2528.81494140625,109.46339416503906,4072.04638671875,0.08217770606279373,-5.3633713722229,99.924072265625
2528.58984375,109.44221496582031,4072.08544921875,0.0823076143860817,-5.386170864105225,99.924072265625
2528.36279296875,109.42084503173828,4072.125,0.0825229212641716,-5.409024715423584,99.924072265625
2528.1337890625,109.39926147460938,4072.16552734375,0.08269082009792328,-5.432315349578857,99.924072265625
2527.902587890625,109.37749481201172,4072.2060546875,0.08268559724092484,-5.455722808837891,99.924072265625
2527.6689453125,109.355224609375,4072.246826171875,0.08368746936321259,-5.466152191162109,99.924072265625
2527.43310546875,109.33245086669922,4072.287353515625,0.08391175419092178,-5.466732978820801,99.924072265625
2527.1953125,109.30935668945312,4072.32958984375,0.084318146109581,-5.464963912963867,99.924072265625
2526.955322265625,109.28599548339844,4072.371826171875,0.08437331765890121,-5.462764739990234,99.924072265625
2526.712890625,109.2624282836914,4072.4140625,0.08500122278928757,-5.460565090179443,99.924072265625
2526.468505859375,109.2386703491211,4072.4560546875,0.08470037579536438,-5.458707332611084,99.924072265625
2526.22216796875,109.21493530273438,4072.499267578125,0.08426657319068909,-5.457880973815918,99.92405700683594
2525.97509765625,109.19107055664062,4072.542724609375,0.08425295352935791,-5.458618640899658,99.924072265625
2525.726318359375,109.16693878173828,4072.58642578125,0.08430876582860947,-5.458099365234375,99.92402648925781
2525.475830078125,109.14261627197266,4072.630126953125,0.08401340991258621,-5.45758056640625,99.92417907714844
2525.222900390625,109.1180648803711,4072.674072265625,0.08413233608007431,-5.456296443939209,99.92420959472656
2524.966796875,109.09319305419922,4072.718994140625,0.08367452770471573,-5.45430850982666,99.92422485351562
2524.70361328125,109.06761169433594,4072.76513671875,0.08427386730909348,-5.448974132537842,99.92440795898438
2524.43359375,109.04141998291016,4072.81201171875,0.08516090363264084,-5.444828510284424,99.924560546875
2524.157470703125,109.01449584960938,4072.860595703125,0.08594439923763275,-5.447417259216309,99.9244384765625
2523.875,108.98689270019531,4072.91015625,0.08595617860555649,-5.454616069793701,99.92457580566406
2523.585693359375,108.95861053466797,4072.96044921875,0.08548466116189957,-5.462860107421875,99.92466735839844
2523.290771484375,108.92974090576172,4073.01220703125,0.08529291301965714,-5.472292423248291,99.92465209960938
2522.98876953125,108.90021514892578,4073.06494140625,0.08517979085445404,-5.481164932250977,99.92486572265625
2522.680908203125,108.87008666992188,4073.11865234375,0.08601176738739014,-5.491116523742676,99.9249267578125
2522.366455078125,108.83932495117188,4073.173583984375,0.0856599509716034,-5.500671863555908,99.92497253417969
2522.045166015625,108.80793762207031,4073.22998046875,0.08496919274330139,-5.510766983032227,99.92497253417969
2521.717041015625,108.77584838867188,4073.287353515625,0.08554653078317642,-5.520595550537109,99.92497253417969
2521.381591796875,108.74307250976562,4073.345947265625,0.08630809932947159,-5.530396938323975,99.92510986328125
2521.0390625,108.7093734741211,4073.405517578125,0.08547157049179077,-5.531093597412109,99.92497253417969
2520.689453125,108.67488098144531,4073.466552734375,0.08612419664859772,-5.529720783233643,99.92510986328125
2520.33203125,108.63961029052734,4073.529052734375,0.08596429973840714,-5.527828693389893,99.92510986328125
2519.96728515625,108.60350036621094,4073.5927734375,0.08654211461544037,-5.531489849090576,99.92527770996094
2519.594482421875,108.56647491455078,4073.65771484375,0.08658535033464432,-5.541564464569092,99.92524719238281
2519.2138671875,108.52857208251953,4073.724365234375,0.08649104833602905,-5.553647041320801,99.92535400390625
2518.8251953125,108.48986053466797,4073.79248046875,0.08658061921596527,-5.565914154052734,99.92535400390625
2518.42822265625,108.45035552978516,4073.86181640625,0.0864887461066246,-5.578618049621582,99.9254150390625
2518.022705078125,108.40998840332031,4073.9326171875,0.08630891889333725,-5.591370105743408,99.9254150390625
2517.608642578125,108.3687973022461,4074.005126953125,0.08669686317443848,-5.604552268981934,99.92550659179688
2517.185791015625,108.32669830322266,4074.078857421875,0.08630132675170898,-5.616184234619141,99.92549133300781
2516.753662109375,108.28349304199219,4074.154541015625,0.08680231869220734,-5.618192195892334,99.92550659179688
2516.31201171875,108.23921966552734,4074.231689453125,0.08623775094747543,-5.614838600158691,99.92556762695312
2515.861572265625,108.19416046142578,4074.310546875,0.08613328635692596,-5.601622104644775,99.92559814453125
2515.4013671875,108.14836883544922,4074.39111328125,0.08653274923563004,-5.577791690826416,99.92559814453125
2514.931396484375,108.10167694091797,4074.473388671875,0.08634310215711594,-5.556180953979492,99.92559814453125
2514.451416015625,108.0538330078125,4074.55712890625,0.08683514595031738,-5.543668270111084,99.92562866210938
2513.96142578125,108.00489807128906,4074.642822265625,0.08591056615114212,-5.534181118011475,99.92562866210938
2513.460693359375,107.9550552368164,4074.730224609375,0.08578051626682281,-5.515527725219727,99.92562866210938
2512.949951171875,107.90463256835938,4074.819580078125,0.08427540957927704,-5.497373104095459,99.92550659179688
2512.42822265625,107.85369110107422,4074.910888671875,0.0850713923573494,-5.4822306632995605,99.92559814453125
2511.8955078125,107.80181121826172,4075.00439453125,0.08488278836011887,-5.463078498840332,99.92556762695312
2511.3515625,107.74853515625,4075.099365234375,0.08511466532945633,-5.436830043792725,99.92559814453125
2510.7958984375,107.69400787353516,4075.196533203125,0.08473885804414749,-5.416592597961426,99.92556762695312
2510.228759765625,107.63848114013672,4075.295654296875,0.08431541919708252,-5.408778667449951,99.92550659179688
2509.64990234375,107.58207702636719,4075.396728515625,0.08424285054206848,-5.42183780670166,99.92556762695312
2509.059326171875,107.52455139160156,4075.500244140625,0.08486958593130112,-5.442874908447266,99.92559814453125
2508.45703125,107.46583557128906,4075.60546875,0.08423028886318207,-5.463802814483643,99.92564392089844
2507.842529296875,107.40576934814453,4075.712646484375,0.08489813655614853,-5.478152751922607,99.92568969726562
2507.2158203125,107.34442138671875,4075.822509765625,0.08514682203531265,-5.489770889282227,99.92575073242188
2506.57763671875,107.28170776367188,4075.93408203125,0.08531244099140167,-5.493561744689941,99.92575073242188
2505.927978515625,107.21665954589844,4076.04736328125,0.09036564081907272,-5.559268474578857,99.92604064941406
2505.26806640625,107.14826965332031,4076.1630859375,0.0939221903681755,-5.722714900970459,99.92633056640625
2504.595947265625,107.07765197753906,4076.280517578125,0.09462807327508926,-5.911528587341309,99.92655944824219
2503.911865234375,107.00547790527344,4076.39990234375,0.09406237304210663,-6.105949878692627,99.92677307128906
2503.21630859375,106.93148803710938,4076.521484375,0.09604474902153015,-6.277435302734375,99.92706298828125
2502.5087890625,106.85318756103516,4076.6455078125,0.09995686262845993,-6.323299884796143,99.92732238769531
2501.7890625,106.77204132080078,4076.771484375,0.10055096447467804,-6.319119930267334,99.92742919921875
2501.057861328125,106.6891860961914,4076.899169921875,0.10067228972911835,-6.306087970733643,99.92747497558594
2500.314697265625,106.60502624511719,4077.029296875,0.10069868713617325,-6.293574810028076,99.92756652832031
2499.56005859375,106.51970672607422,4077.1611328125,0.09942737966775894,-6.283138275146484,99.92759704589844
2498.79345703125,106.43321990966797,4077.295166015625,0.09855494648218155,-6.275386333465576,99.92764282226562
2498.015380859375,106.34557342529297,4077.431396484375,0.09923156350851059,-6.269737720489502,99.92771911621094
2497.225341796875,106.25672912597656,4077.569580078125,0.09860628843307495,-6.265127182006836,99.927734375
2496.423828125,106.16666412353516,4077.709716796875,0.09847712516784668,-6.261138439178467,99.92782592773438
2495.610595703125,106.07537078857422,4077.851806640625,0.09823091328144073,-6.258939266204834,99.92784118652344
2494.78564453125,105.98281860351562,4077.99609375,0.0978253185749054,-6.257053852081299,99.92784118652344
2493.94970703125,105.88902282714844,4078.142333984375,0.09788887202739716,-6.255886077880859,99.92794799804688
2493.10205078125,105.79398345947266,4078.29052734375,0.09768284857273102,-6.254724979400635,99.927978515625
2492.24267578125,105.69768524169922,4078.44091796875,0.09765765815973282,-6.253960132598877,99.92799377441406
2491.37158203125,105.60051727294922,4078.593017578125,0.09546183049678802,-6.224945068359375,99.92808532714844
2490.48876953125,105.5032958984375,4078.747314453125,0.09500367939472198,-6.136043548583984,99.92808532714844
2489.59423828125,105.40545654296875,4078.904296875,0.0943690687417984,-6.031616687774658,99.92808532714844
2488.6884765625,105.30692291259766,4079.062744140625,0.09180647134780884,-5.929594039916992,99.92807006835938
2487.7705078125,105.21112823486328,4079.22314453125,0.08697035163640976,-5.767725467681885,99.92799377441406
2486.841064453125,105.11698913574219,4079.385498046875,0.0859665647149086,-5.561180591583252,99.92799377441406
2485.900146484375,105.02275085449219,4079.55029296875,0.08552571386098862,-5.345947742462158,99.92794799804688
2484.948486328125,104.930908203125,4079.716552734375,0.07980262488126755,-5.202178955078125,99.927978515625
2483.986083984375,104.84195709228516,4079.885009765625,0.07844619452953339,-5.094508171081543,99.92799377441406
2483.01220703125,104.75332641601562,4080.054931640625,0.07821430265903473,-4.992949962615967,99.9281005859375
2482.02783203125,104.66522216796875,4080.22705078125,0.07612807303667068,-4.899444580078125,99.9281005859375
2481.0322265625,104.57817840576172,4080.4013671875,0.0755825787782669,-4.850800037384033,99.9281005859375
2480.026123046875,104.49072265625,4080.577392578125,0.07597200572490692,-4.813131809234619,99.92813110351562
2479.009521484375,104.40296936035156,4080.755126953125,0.075741246342659,-4.804594039916992,99.92814636230469
2477.981689453125,104.31511688232422,4080.935302734375,0.0741947665810585,-4.7813029289245605,99.92823791503906
2476.94287109375,104.22672271728516,4081.1171875,0.07428927719593048,-4.742097854614258,99.92832946777344
2475.8935546875,104.13749694824219,4081.300537109375,0.07387058436870575,-4.701416969299316,99.92839050292969
2474.833740234375,104.04804229736328,4081.48583984375,0.07389839738607407,-4.692715167999268,99.92845153808594
2473.762939453125,103.95801544189453,4081.667724609375,0.014993797056376934,-4.698391437530518,99.64707946777344
2472.680908203125,103.86710357666016,4081.84619140625,-0.03994752839207649,-4.705139636993408,99.19412231445312
2471.588134765625,103.77518463134766,4082.026123046875,-0.06054682284593582,-4.710965633392334,98.89891052246094
2470.484375,103.68220520019531,4082.205322265625,-0.07482907176017761,-4.715084075927734,98.705322265625
2469.36962890625,103.58824920654297,4082.3828125,-0.0865783616900444,-4.718601703643799,98.57781982421875
2468.24365234375,103.49373626708984,4082.5595703125,-0.0938720703125,-4.694245338439941,98.49259948730469
2467.1064453125,103.39917755126953,4082.735595703125,-0.09832759201526642,-4.628477573394775,98.43516540527344
2465.9580078125,103.30414581298828,4082.910888671875,-0.09963993728160858,-4.554322242736816,98.39675903320312
2464.799560546875,103.20951843261719,4083.0859375,-0.09841921180486679,-4.526639461517334,98.37226867675781
2463.630126953125,103.11508178710938,4083.261474609375,-0.09475705772638321,-4.506865978240967,98.35615539550781
2462.44921875,103.02195739746094,4083.43798828125,-0.09091182798147202,-4.3902268409729,98.34414672851562
2461.2578125,102.92918395996094,4083.614990234375,-0.08648676425218582,-4.236690998077393,98.33572387695312
2460.05615234375,102.83765411376953,4083.79345703125,-0.08139031380414963,-4.146368503570557,98.33064270019531
2458.844482421875,102.74762725830078,4083.97216796875,-0.076812744140625,-4.132107257843018,98.32777404785156
2457.622314453125,102.6583480834961,4084.15185546875,-0.07235713303089142,-4.084903717041016,98.3255615234375
2456.3896484375,102.56912231445312,4084.333251953125,-0.06909176707267761,-4.014060974121094,98.32398986816406
2455.146728515625,102.47994232177734,4084.515869140625,-0.0654907077550888,-3.965020179748535,98.32292175292969
2453.89404296875,102.39115905761719,4084.69970703125,-0.062652587890625,-3.9609084129333496,98.32229614257812
2452.63134765625,102.30191040039062,4084.885009765625,-0.06048586592078209,-3.966980457305908,98.3218994140625
2451.358642578125,102.2118911743164,4085.071533203125,-0.059082020074129105,-3.9737560749053955,98.32160949707031
2450.07568359375,102.1209716796875,4085.25927734375,-0.057342469692230225,-3.9797325134277344,98.32138061523438
2448.782470703125,102.02919006347656,4085.44873046875,-0.056030258536338806,-3.9844658374786377,98.32125854492188
2447.479248046875,101.9365234375,4085.639404296875,-0.0556335411965847,-3.9878604412078857,98.32122802734375
2446.166259765625,101.84302520751953,4085.83154296875,-0.05484010651707649,-3.9905035495758057,98.32119750976562
2444.843017578125,101.74874114990234,4086.025146484375,-0.05371089279651642,-3.9925527572631836,98.32118225097656
2443.510009765625,101.65367126464844,4086.220458984375,-0.0534362755715847,-3.9942328929901123,98.32118225097656
2442.166748046875,101.55799865722656,4086.4169921875,-0.05267339572310448,-3.985135078430176,98.32113647460938
2440.8134765625,101.46218872070312,4086.615234375,-0.0520324669778347,-3.9459776878356934,98.32119750976562
2439.449951171875,101.36607360839844,4086.814697265625,-0.05175785720348358,-3.903623580932617,98.32122802734375
2438.07666015625,101.27079010009766,4087.015869140625,-0.050170913338661194,-3.8528411388397217,98.32125854492188
2436.693115234375,101.1763687133789,4087.21826171875,-0.049835190176963806,-3.7628397941589355,98.32135009765625
2435.2998046875,101.08255004882812,4087.422119140625,-0.048370424658060074,-3.6903645992279053,98.32138061523438
2433.896728515625,100.99087524414062,4087.62744140625,-0.0471191368997097,-3.6146247386932373,98.32138061523438
2432.483642578125,100.9000473022461,4087.834228515625,-0.0467834398150444,-3.5205934047698975,98.32147216796875
2431.061279296875,100.8106689453125,4088.04248046875,-0.04516604170203209,-3.4611775875091553,98.32150268554688
2429.62890625,100.72315979003906,4088.251708984375,-0.04437253251671791,-3.376251220703125,98.321533203125
2428.186767578125,100.63631439208984,4088.462646484375,-0.0435180738568306,-3.29415225982666,98.32157897949219
2426.735107421875,100.55152893066406,4088.675537109375,-0.041595447808504105,-3.228090763092041,98.32164001464844
2425.273681640625,100.46800231933594,4088.889404296875,-0.0413818396627903,-3.135890007019043,98.3216552734375
2423.802978515625,100.38568115234375,4089.1044921875,-0.03958135098218918,-3.071474313735962,98.32167053222656
2422.322509765625,100.30552673339844,4089.321533203125,-0.038848876953125,-2.988706111907959,98.32176208496094
2420.832763671875,100.22618865966797,4089.539306640625,-0.03839111328125,-2.9027960300445557,98.32177734375
2419.333740234375,100.14903259277344,4089.758544921875,-0.03634645789861679,-2.836700439453125,98.32177734375
2417.826416015625,100.0733413696289,4089.98486328125,0.014792399480938911,-2.743379592895508,98.61244201660156
2416.31298828125,99.99910736083984,4090.224609375,0.12056892365217209,-2.6782467365264893,99.45553588867188
2414.7919921875,99.92719268798828,4090.4736328125,0.18504811823368073,-2.591209650039673,100.359375
2413.262451171875,99.85627746582031,4090.73095703125,0.217194065451622,-2.50631046295166,101.02142333984375
2411.72607421875,99.787353515625,4090.998046875,0.2460106760263443,-2.4608418941497803,101.50430297851562
2410.182373046875,99.71925354003906,4091.2763671875,0.27337661385536194,-2.413727283477783,101.86318969726562
2408.632080078125,99.6517333984375,4091.5654296875,0.2944694459438324,-2.3975465297698975,102.12660217285156
2407.074462890625,99.58431243896484,4091.865478515625,0.30973896384239197,-2.4013986587524414,102.32107543945312
2405.509521484375,99.51644134521484,4092.1748046875,0.31784507632255554,-2.4085705280303955,102.46690368652344
2403.9375,99.44796752929688,4092.492919921875,0.3201943635940552,-2.415311813354492,102.57669067382812
2402.357666015625,99.37886810302734,4092.819091796875,0.3175053596496582,-2.4204959869384766,102.65959167480469
2400.77001953125,99.30918884277344,4093.153076171875,0.3111390173435211,-2.4244301319122314,102.7222900390625
2399.1748046875,99.23892974853516,4093.493408203125,0.30258476734161377,-2.427394390106201,102.76976013183594
2397.57177734375,99.16819763183594,4093.839599609375,0.29248863458633423,-2.4298670291900635,102.80577087402344
2395.960693359375,99.09699249267578,4094.19140625,0.28137102723121643,-2.431636095046997,102.83317565917969
2394.341064453125,99.02532196044922,4094.547607421875,0.27028143405914307,-2.432919979095459,102.85409545898438
2392.713623046875,98.95320129394531,4094.908935546875,0.25899362564086914,-2.4339582920074463,102.87004089355469
2391.076904296875,98.88069152832031,4095.2685546875,0.20059259235858917,-2.435857057571411,102.59735107421875
2389.43017578125,98.80777740478516,4095.61962890625,0.09064916521310806,-2.439115047454834,101.7711181640625
2387.77392578125,98.7344741821289,4095.966064453125,0.018977677449584007,-2.44100022315979,100.87135314941406
2386.107666015625,98.66075134277344,4096.30859375,-0.02560427598655224,-2.4415876865386963,100.18815612792969
2384.43115234375,98.58661651611328,4096.64453125,-0.0683898851275444,-2.441895008087158,99.66561889648438
2382.743896484375,98.5120849609375,4096.97314453125,-0.10888668894767761,-2.441990613937378,99.26420593261719
2381.046630859375,98.43717193603516,4097.2939453125,-0.1435546875,-2.4424140453338623,98.95523071289062
2379.339111328125,98.36186981201172,4097.60595703125,-0.170654296875,-2.4425575733184814,98.71713256835938
2377.621337890625,98.28617858886719,4097.91015625,-0.1893615871667862,-2.4426803588867188,98.53363037109375
2375.8935546875,98.2101058959961,4098.20703125,-0.20010370016098022,-2.4426257610321045,98.39216613769531
2374.156005859375,98.13365173339844,4098.49755859375,-0.2046813815832138,-2.4427144527435303,98.28312683105469
2372.408447265625,98.05674743652344,4098.78271484375,-0.20446771383285522,-2.447044849395752,98.199462890625
2370.651611328125,97.9792251586914,4099.06298828125,-0.19952386617660522,-2.463129997253418,98.13595581054688
2368.885498046875,97.9010009765625,4099.33935546875,-0.1921081244945526,-2.47393536567688,98.08622741699219
2367.10986328125,97.82205963134766,4099.61279296875,-0.1828307956457138,-2.477992534637451,98.047119140625
2365.3251953125,97.74217224121094,4099.88330078125,-0.17236328125,-2.505279064178467,98.01812744140625
2363.53125,97.66136169433594,4100.15185546875,-0.16204828023910522,-2.533569812774658,97.99549865722656
2361.728271484375,97.57942962646484,4100.41845703125,-0.15100102126598358,-2.5397305488586426,97.9766845703125
2359.916259765625,97.49649047851562,4100.68408203125,-0.140625,-2.5608768463134766,97.96247863769531
2358.095703125,97.41261291503906,4100.9482421875,-0.1311035007238388,-2.5923707485198975,97.95166015625
2356.26611328125,97.32757568359375,4101.2119140625,-0.1221313402056694,-2.601379871368408,97.9423828125
2354.427734375,97.24156951904297,4101.4765625,-0.11422731727361679,-2.616420030593872,97.93519592285156
2352.580810546875,97.15459442138672,4101.74072265625,-0.1064453050494194,-2.649040937423706,97.92985534667969
2350.724853515625,97.06645965576172,4102.00439453125,-0.09982295334339142,-2.6615538597106934,97.92521667480469
2348.8603515625,96.9773941040039,4102.2685546875,-0.09402462840080261,-2.6698594093322754,97.92144775390625
2346.987548828125,96.88748931884766,4102.53271484375,-0.0889892578125,-2.6943318843841553,97.91867065429688
2345.10546875,96.79874420166016,4102.80029296875,0.3010769486427307,-2.565459966659546,97.91432189941406
2343.206787109375,96.74040985107422,4103.08447265625,3.2487974166870117,-0.7522838115692139,97.80198669433594
2341.312255859375,96.68712615966797,4103.3564453125,4.969932556152344,-0.6718720197677612,97.78021240234375
2339.421875,96.64646911621094,4103.6201171875,6.312154769897461,-2.343444585800171,97.96824645996094
2337.51611328125,96.57178497314453,4103.88037109375,6.676865577697754,-2.9132120609283447,98.05484008789062
2335.601806640625,96.47266387939453,4104.1337890625,5.9749579429626465,-3.2986464500427246,98.12806701660156
2333.6865234375,96.35307312011719,4104.39013671875,5.474961280822754,-4.047850131988525,98.21707153320312
2331.76171875,96.2118911743164,4104.63525390625,3.088648796081543,-3.9571585655212402,98.35826110839844
2329.828857421875,96.0650634765625,4104.88525390625,0.46771034598350525,-3.238370180130005,98.49504089355469
2327.889404296875,95.94600677490234,4105.15576171875,-0.3095397651195526,-2.8824148178100586,98.5701904296875
2325.94189453125,95.84275817871094,4105.4365234375,-0.38601669669151306,-2.783841609954834,98.61956787109375
2323.98486328125,95.74563598632812,4105.72216796875,-0.3215942680835724,-2.7556464672088623,98.65586853027344
2322.018310546875,95.65040588378906,4106.01220703125,-0.24426265060901642,-2.7469449043273926,98.68392944335938
2320.04296875,95.5553207397461,4106.30517578125,-0.1797180324792862,-2.744110345840454,98.70608520507812
2318.05859375,95.45965576171875,4106.6005859375,-0.1300048828125,-2.743065357208252,98.72381591796875
2316.065185546875,95.36321258544922,4106.8994140625,-0.0932006761431694,-2.742764711380005,98.73806762695312
2314.0634765625,95.2659683227539,4107.2001953125,-0.0660705417394638,-2.7428877353668213,98.74949645996094
2312.052978515625,95.16798400878906,4107.50390625,-0.0464172400534153,-2.7432565689086914,98.75872802734375
2310.034423828125,95.06932067871094,4107.8095703125,-0.031921353191137314,-2.743652582168579,98.76618957519531
2308.007080078125,94.97004699707031,4108.1171875,-0.021942155435681343,-2.7440147399902344,98.77220153808594
2305.971923828125,94.87022399902344,4108.42724609375,-0.015411359257996082,-2.744253635406494,98.77713012695312
2303.927978515625,94.76988220214844,4108.7392578125,-0.010406485758721828,-2.7446908950805664,98.78108215332031
2301.876220703125,94.66905212402344,4109.05322265625,-0.007843025960028172,-2.745114326477051,98.78433227539062
2299.816162109375,94.5677490234375,4109.36865234375,-0.00601196987554431,-2.745332956314087,98.78692626953125
2297.747802734375,94.46602630615234,4109.68603515625,-0.005096435081213713,-2.745544672012329,98.78910827636719
2295.67138671875,94.36387634277344,4110.00537109375,-0.004577627405524254,-2.7459681034088135,98.79086303710938
2293.5869140625,94.26129913330078,4110.32568359375,-0.004516619723290205,-2.746145725250244,98.79240417480469
2291.494384765625,94.15830993652344,4110.64794921875,-0.0048828027211129665,-2.7461798191070557,98.79359436035156
2289.393798828125,94.0549087524414,4110.9716796875,-0.005249026231467724,-2.7464599609375,98.79461669921875
2287.28515625,93.95110321044922,4111.29638671875,-0.005310048349201679,-2.7465760707855225,98.7955322265625
2285.168701171875,93.8469009399414,4111.623046875,-0.005859376862645149,-2.7468559741973877,98.79621887207031
2283.0439453125,93.74230194091797,4111.951171875,-0.006347630172967911,-2.747006416320801,98.79684448242188
2280.9111328125,93.6373062133789,4112.28076171875,-0.0071410974487662315,-2.7470335960388184,98.79736328125
2278.7705078125,93.53189849853516,4112.611328125,-0.007995601743459702,-2.7473068237304688,98.79776000976562
2276.6220703125,93.42610931396484,4112.94287109375,-0.008117672055959702,-2.7473409175872803,98.79814147949219
2274.4658203125,93.31996154785156,4113.2763671875,-0.008544930256903172,-2.747498035430908,98.79840087890625
2272.3017578125,93.21340942382812,4113.6103515625,-0.009094219654798508,-2.747682571411133,98.79869079589844
2270.129638671875,93.10646057128906,4113.9462890625,-0.009155268780887127,-2.7477712631225586,98.79891967773438
2267.94921875,92.9991226196289,4114.28369140625,-0.009552010335028172,-2.7479214668273926,98.79916381835938
2265.760986328125,92.89136505126953,4114.6220703125,-0.009796136058866978,-2.7477712631225586,98.79931640625
2263.564697265625,92.78323364257812,4114.9619140625,-0.010314919985830784,-2.747832775115967,98.79953002929688
2261.36083984375,92.67471313476562,4115.302734375,-0.010589591227471828,-2.7479214668273926,98.79971313476562
2259.149169921875,92.56581115722656,4115.64501953125,-0.010833757929503918,-2.7479898929595947,98.79983520507812
2256.9296875,92.4565200805664,4115.98828125,-0.011016837321221828,-2.7480719089508057,98.79997253417969
2254.702392578125,92.34685516357422,4116.3330078125,-0.011474613100290298,-2.7480719089508057,98.80010986328125
2252.467041015625,92.23680114746094,4116.67919921875,-0.011291496455669403,-2.748256206512451,98.80023193359375
2250.224365234375,92.1263656616211,4117.02587890625,-0.01150509249418974,-2.748351812362671,98.80033874511719
2247.974365234375,92.01556396484375,4117.3740234375,-0.011901861988008022,-2.748440742492676,98.80044555664062
2245.716552734375,91.90452575683594,4117.72412109375,-0.011444086208939552,-2.740176200866699,98.80050659179688
2243.45068359375,91.79337310791016,4118.07470703125,-0.01101685781031847,-2.729917287826538,98.80062866210938
2241.17724609375,91.68217468261719,4118.42626953125,-0.011566142551600933,-2.7276904582977295,98.80073547363281
2238.89599609375,91.57086944580078,4118.77978515625,-0.011352564208209515,-2.717827796936035,98.80082702636719
2236.60693359375,91.45968627929688,4119.1337890625,-0.011535664089024067,-2.6939971446990967,98.80088806152344
2234.310302734375,91.34882354736328,4119.48974609375,-0.011413575150072575,-2.6869826316833496,98.801025390625
2232.006591796875,91.23798370361328,4119.84619140625,-0.011260980740189552,-2.6811153888702393,98.80110168457031
2229.694580078125,91.1272964477539,4120.2041015625,-0.011199946515262127,-2.6573190689086914,98.80117797851562
2227.375,91.01692962646484,4120.5634765625,-0.011108392849564552,-2.647517681121826,98.80126953125
2225.048583984375,90.90660095214844,4120.923828125,-0.011291508562862873,-2.6445603370666504,98.80133056640625
2222.714111328125,90.79637145996094,4121.28466796875,-0.011016867123544216,-2.6224851608276367,98.80140686035156
2220.371826171875,90.68646240234375,4121.6474609375,-0.011291498318314552,-2.60945987701416,98.801513671875
2218.022705078125,90.57664489746094,4122.01123046875,-0.011291509494185448,-2.607663631439209,98.80155944824219
2215.66552734375,90.46673583984375,4122.37646484375,-0.011138886213302612,-2.5987160205841064,98.80166625976562
2213.30126953125,90.35677337646484,4122.7421875,-0.010681156069040298,-2.5910935401916504,98.80178833007812
2210.929443359375,90.2467041015625,4123.109375,-0.010650638490915298,-2.590670108795166,98.80180358886719
2208.550537109375,90.13631439208984,4123.47802734375,-0.011077878065407276,-2.591797113418579,98.80191040039062
2206.163818359375,90.0255355834961,4123.84765625,-0.010711685754358768,-2.592862606048584,98.802001953125
2203.77001953125,89.91436004638672,4124.21826171875,-0.010833732783794403,-2.593627691268921,98.80206298828125
2201.36865234375,89.80278015136719,4124.59033203125,-0.010986333712935448,-2.5943310260772705,98.80216979980469
2198.9599609375,89.69082641601562,4124.96337890625,-0.011199950240552425,-2.595205307006836,98.80218505859375
2196.5439453125,89.5784912109375,4125.33740234375,-0.011016856878995895,-2.5954854488372803,98.80230712890625
2194.12060546875,89.46578979492188,4125.71240234375,-0.01126099657267332,-2.5958542823791504,98.80241394042969
2191.690185546875,89.35275268554688,4126.0888671875,-0.011352553963661194,-2.5962231159210205,98.80244445800781
2189.252197265625,89.23933410644531,4126.46630859375,-0.011383083648979664,-2.596400737762451,98.80253601074219
2186.806884765625,89.12557220458984,4126.8447265625,-0.011322032660245895,-2.596796751022339,98.80258178710938
2184.3544921875,89.01145935058594,4127.224609375,-0.011383076198399067,-2.597015380859375,98.80270385742188
2181.894775390625,88.89701080322266,4127.60546875,-0.011169425211846828,-2.5969812870025635,98.802734375
2179.427978515625,88.7822265625,4127.9873046875,-0.011077898554503918,-2.5970427989959717,98.80284118652344
2176.95361328125,88.66709899902344,4128.37060546875,-0.011352547444403172,-2.596953868865967,98.80293273925781
2174.472412109375,88.5516357421875,4128.7548828125,-0.011474616825580597,-2.597015380859375,98.802978515625
2171.984130859375,88.43584442138672,4129.140625,-0.010925292037427425,-2.597322702407837,98.8031005859375
2169.488525390625,88.3197021484375,4129.52685546875,-0.01104736141860485,-2.5975072383880615,98.80317687988281
2166.9853515625,88.2038345336914,4129.91455078125,-0.01089473720639944,-2.562864303588867,98.80326843261719
2164.47509765625,88.08887481689453,4130.30322265625,-0.010864263400435448,-2.5263638496398926,98.80335998535156
2161.95751953125,87.97598266601562,4130.693359375,-0.010589580051600933,-2.452174425125122,98.80343627929688
2159.4326171875,87.8656997680664,4131.08447265625,-0.010375997982919216,-2.3775887489318848,98.80349731445312
2156.900390625,87.75883483886719,4131.4765625,-0.00985720008611679,-2.296999216079712,98.80360412597656
2154.361328125,87.65503692626953,4131.86962890625,-0.00952147226780653,-2.223083019256592,98.80361938476562
2151.815185546875,87.55474090576172,4132.26416015625,-0.00930785946547985,-2.1441328525543213,98.80372619628906
2149.261962890625,87.45746612548828,4132.6591796875,-0.00909426249563694,-2.0724499225616455,98.80375671386719
2146.701904296875,87.36338806152344,4133.0556640625,-0.00888060126453638,-2.0077202320098877,98.80387878417969
2144.134521484375,87.27247619628906,4133.453125,-0.008270267397165298,-1.9092085361480713,98.80389404296875
2141.560791015625,87.18544006347656,4133.85205078125,-0.007598884403705597,-1.8233325481414795,98.80401611328125
2138.98046875,87.10124206542969,4134.251953125,-0.007751468103379011,-1.8017218112945557,98.8040771484375
2136.39306640625,87.0186767578125,4134.65234375,-0.007568368688225746,-1.7478930950164795,98.80412292480469
2133.79931640625,86.9377212524414,4135.05419921875,-0.007751455530524254,-1.7283587455749512,98.80415344238281
2131.198974609375,86.85723114013672,4135.45654296875,-0.007568380329757929,-1.7306468486785889,98.80427551269531
2128.592041015625,86.77644348144531,4135.8603515625,-0.007629412692040205,-1.7372448444366455,98.80429077148438
2125.978515625,86.69508361816406,4136.26513671875,-0.007537827827036381,-1.743521809577942,98.80439758300781
2123.3583984375,86.6131362915039,4136.67138671875,-0.007446292322129011,-1.7485078573226929,98.80445861816406
2120.7314453125,86.53063201904297,4137.078125,-0.00744629418477416,-1.752319097518921,98.80453491210938
2118.09814453125,86.44767761230469,4137.48583984375,-0.007629405241459608,-1.7551262378692627,98.80465698242188
2115.45849609375,86.36431121826172,4137.89501953125,-0.007629401050508022,-1.7574485540390015,98.80467224121094
2112.81201171875,86.28058624267578,4138.3046875,-0.00732421362772584,-1.758998990058899,98.80477905273438
2110.158935546875,86.196533203125,4138.71533203125,-0.007507318630814552,-1.76028311252594,98.80485534667969
2107.499267578125,86.11221313476562,4139.1279296875,-0.0075683570466935635,-1.7613213062286377,98.804931640625
2104.8330078125,86.02762603759766,4139.54052734375,-0.007507324684411287,-1.7618062496185303,98.80500793457031
2102.160400390625,85.94277954101562,4139.95458984375,-0.007629395928233862,-1.7625712156295776,98.8050537109375
2099.481201171875,85.85771942138672,4140.36962890625,-0.00723267113789916,-1.763028860092163,98.80517578125
2096.795654296875,85.77242279052734,4140.78515625,-0.007507332134991884,-1.7635478973388672,98.80526733398438
2094.103515625,85.6868896484375,4141.20263671875,-0.007781977765262127,-1.7636367082595825,98.80532836914062
2091.405029296875,85.6011734008789,4141.62060546875,-0.007781977765262127,-1.7636367082595825,98.80532836914062
2088.7001953125,85.5152359008789,4142.0390625,-0.007843025028705597,-1.7638826370239258,98.80545043945312
2085.98876953125,85.4290771484375,4142.45947265625,-0.007904060184955597,-1.7640328407287598,98.80557250976562
2083.27099609375,85.34271240234375,4142.88037109375,-0.007629388477653265,-1.7641557455062866,98.8056640625
2080.546630859375,85.25614929199219,4143.30224609375,-0.00775148393586278,-1.7644016742706299,98.80572509765625
2077.816162109375,85.16938018798828,4143.7255859375,-0.00793457217514515,-1.7645245790481567,98.80581665039062
2075.0791015625,85.08241271972656,4144.1494140625,-0.007629403378814459,-1.7645245790481567,98.80586242675781
2072.335693359375,84.9952392578125,4144.57421875,-0.007720947265625,-1.7645245790481567,98.80598449707031
2069.5859375,84.90786743164062,4145.0,-0.007598880212754011,-1.7645519971847534,98.80604553222656
2066.830078125,84.8202896118164,4145.4267578125,-0.007598880212754011,-1.7645519971847534,98.80604553222656
2064.06787109375,84.73250579833984,4145.85498046875,-0.007568384520709515,-1.764954924583435,98.80621337890625
2061.299072265625,84.64451599121094,4146.2841796875,-0.007720949128270149,-1.7648251056671143,98.80630493164062
2058.5244140625,84.55634307861328,4146.7138671875,-0.007873525843024254,-1.7647637128829956,98.80636596679688
2055.7431640625,84.46796417236328,4147.14501953125,-0.007690439000725746,-1.7649822235107422,98.80645751953125
2052.95556640625,84.37939453125,4147.57666015625,-0.0076599023304879665,-1.7650983333587646,98.80650329589844
2050.161865234375,84.29060363769531,4148.009765625,-0.007812493480741978,-1.7651325464248657,98.80662536621094
2047.36181640625,84.20162963867188,4148.443359375,-0.00796509813517332,-1.7650095224380493,98.80673217773438
2044.5557861328125,84.11245727539062,4148.8779296875,-0.007751473691314459,-1.7650983333587646,98.80677795410156
2041.743408203125,84.0230941772461,4149.3134765625,-0.008117688819766045,-1.765036940574646,98.806884765625
2038.9248046875,83.93353271484375,4149.75,-0.007904051803052425,-1.7651939392089844,98.80697631835938
2036.0999755859375,83.84378814697266,4150.1875,-0.00756835425272584,-1.7640670537948608,98.8070068359375
2033.2689208984375,83.75422668457031,4150.62646484375,-0.007476803846657276,-1.7423059940338135,98.80714416503906
2030.431640625,83.66529846191406,4151.06591796875,-0.007354746572673321,-1.7309200763702393,98.80720520019531
2027.5885009765625,83.57691192626953,4151.50634765625,-0.007263179402798414,-1.7138992547988892,98.80726623535156
2024.7388916015625,83.48961639404297,4151.9482421875,-0.0069275000132620335,-1.6700358390808105,98.80740356445312
2021.8831787109375,83.40373992919922,4152.39013671875,-0.007049559615552425,-1.6582605838775635,98.80747985839844
2019.021484375,83.31887817382812,4152.833984375,-0.006713871844112873,-1.6221561431884766,98.80754089355469
2016.153564453125,83.2354736328125,4153.27783203125,-0.0067444005981087685,-1.5921921730041504,98.80763244628906
2013.2799072265625,83.15319061279297,4153.72314453125,-0.006835936103016138,-1.5799251794815063,98.80770874023438
2010.3997802734375,83.07205200195312,4154.169921875,-0.006713858339935541,-1.535399079322815,98.80780029296875
2007.513916015625,82.99234008789062,4154.61669921875,-0.006378174759447575,-1.5209943056106567,98.80789184570312
2004.6221923828125,82.91336059570312,4155.0654296875,-0.0064392006024718285,-1.5071972608566284,98.80793762207031
2001.7244873046875,82.83500671386719,4155.51416015625,-0.00604248046875,-1.4909003973007202,98.80805969238281
1998.8206787109375,82.7570571899414,4155.9638671875,-0.006103502120822668,-1.4894729852676392,98.80813598632812
1995.9112548828125,82.67902374267578,4156.4150390625,-0.006103520281612873,-1.4913307428359985,98.80819702148438
1992.9957275390625,82.60072326660156,4156.86669921875,-0.006317136809229851,-1.4938032627105713,98.80830383300781
1990.074462890625,82.52210998535156,4157.3193359375,-0.006256103515625,-1.4957293272018433,98.80839538574219
1987.1473388671875,82.4432144165039,4157.77294921875,-0.006195068825036287,-1.497218370437622,98.80844116210938
1984.21435546875,82.36402130126953,4158.2275390625,-0.006042487919330597,-1.498468279838562,98.80856323242188
1981.275390625,82.28457641601562,4158.6826171875,-0.006500243209302425,-1.4993903636932373,98.80867004394531
1978.3306884765625,82.20494079589844,4159.13916015625,-0.006164557300508022,-1.5001485347747803,98.80870056152344
1975.3802490234375,82.12506866455078,4159.59619140625,-0.006072999443858862,-1.5004831552505493,98.80897521972656
1972.4241943359375,82.04500579833984,4160.05419921875,-0.005432130768895149,-1.5008519887924194,98.8094482421875
1969.462158203125,81.96513366699219,4160.51318359375,-0.00546265160664916,-1.47989022731781,98.8096923828125
1966.4940185546875,81.886474609375,4160.97314453125,-0.005798344500362873,-1.43655264377594,98.80964660644531
1963.519775390625,81.81073760986328,4161.43408203125,-0.005462640430778265,-1.3416471481323242,98.80963134765625
1960.5396728515625,81.73943328857422,4161.89599609375,-0.00518798129633069,-1.2527453899383545,98.80963134765625
1957.5540771484375,81.67306518554688,4162.35888671875,-0.004913340322673321,-1.1525260210037231,98.80963134765625
1954.562744140625,81.61128997802734,4162.822265625,-0.004547117743641138,-1.0881651639938354,98.80964660644531
1951.5655517578125,81.55412292480469,4163.28662109375,-0.004272468388080597,-0.9750299453735352,98.8096923828125
1948.5631103515625,81.50159454345703,4163.75244140625,-0.003936769440770149,-0.9248895049095154,98.80972290039062
1945.5548095703125,81.45314025878906,4164.21826171875,-0.0033264171797782183,-0.8136257529258728,98.80975341796875
1942.541259765625,81.41004943847656,4164.685546875,-0.002990721259266138,-0.7193623185157776,98.80975341796875
1939.5224609375,81.37113189697266,4165.15380859375,-0.0027160639874637127,-0.6716329455375671,98.80982971191406
1936.4984130859375,81.33484649658203,4165.62255859375,-0.0026245180051773787,-0.6350709795951843,98.80987548828125
1933.469482421875,81.2994155883789,4166.091796875,-0.002838138723745942,-0.6663122177124023,98.80989074707031
1930.4359130859375,81.26107025146484,4166.56201171875,-0.003326405305415392,-0.7824118137359619,98.80999755859375
1927.3970947265625,81.2161636352539,4167.033203125,-0.004089363384991884,-0.9324641823768616,98.81001281738281
1924.353271484375,81.16287994384766,4167.50439453125,-0.004791250918060541,-1.0901800394058228,98.81013488769531
1921.3037109375,81.10148620605469,4167.9775390625,-0.005157478153705597,-1.2042783498764038,98.81016540527344
1918.24853515625,81.03357696533203,4168.45068359375,-0.005432124249637127,-1.29330313205719,98.81028747558594
1915.187744140625,80.96099853515625,4168.92529296875,-0.0055541954934597015,-1.3398371934890747,98.81037902832031
1912.1214599609375,80.88520050048828,4169.400390625,-0.005615228787064552,-1.3880856037139893,98.81040954589844
1909.0494384765625,80.80731964111328,4169.876953125,-0.005584708880633116,-1.3928189277648926,98.810546875
1905.9720458984375,80.72886657714844,4170.353515625,-0.005798332393169403,-1.3969374895095825,98.81063842773438
1902.8890380859375,80.65003967285156,4170.83154296875,-0.005706783849745989,-1.4046624898910522,98.81074523925781
1899.8004150390625,80.57077026367188,4171.31005859375,-0.005615225061774254,-1.4168953895568848,98.810791015625
1896.70654296875,80.49095916748047,4171.78955078125,-0.005889893509447575,-1.423213243484497,98.81092834472656
1893.6065673828125,80.41197967529297,4172.27001953125,-0.00564574496820569,-1.3590095043182373,98.81105041503906
1890.5010986328125,80.33599090576172,4172.7509765625,-0.0054931724444031715,-1.303070306777954,98.81108093261719
1887.3900146484375,80.263671875,4173.23388671875,-0.0052795493975281715,-1.2153569459915161,98.81118774414062
1884.2738037109375,80.1951675415039,4173.71630859375,-0.0048217689618468285,-1.1764795780181885,98.81130981445312
1881.1524658203125,80.1286392211914,4174.20068359375,-0.005004888400435448,-1.1651618480682373,98.81134033203125
1878.025146484375,80.06468200683594,4174.68505859375,-0.004455567803233862,-1.061274766921997,98.81144714355469
1874.8929443359375,80.00491333007812,4175.17041015625,-0.004302966874092817,-1.014829397201538,98.81155395507812
1871.7552490234375,79.94828033447266,4175.65673828125,-0.003906250465661287,-0.9437544941902161,98.81159973144531
1868.6123046875,79.89581298828125,4176.14404296875,-0.003570551984012127,-0.8623045086860657,98.81170654296875
1865.4644775390625,79.84648132324219,4176.6318359375,-0.00372314453125,-0.8520796895027161,98.81179809570312
1862.3125,79.79596710205078,4177.12060546875,-0.003997811581939459,-0.9563562273979187,98.81184387207031
1859.15576171875,79.73957061767578,4177.609375,-0.005035386420786381,-1.1094343662261963,98.81181335449219
1855.994384765625,79.67333221435547,4178.10009765625,-0.005676268599927425,-1.321313738822937,98.81170654296875
1852.82763671875,79.59626007080078,4178.59033203125,-0.006072998512536287,-1.4757647514343262,98.81167602539062
1849.6549072265625,79.51161193847656,4179.08251953125,-0.00637816172093153,-1.5256319046020508,98.81166076660156
1846.47705078125,79.42362976074219,4179.5751953125,-0.0063476404175162315,-1.5385409593582153,98.81166076660156
1843.293701171875,79.3332748413086,4180.06884765625,-0.006805419456213713,-1.597348928451538,98.81167602539062
1840.105224609375,79.2400894165039,4180.5625,-0.00704955542460084,-1.6381524801254272,98.81169128417969
1836.912109375,79.14268493652344,4181.05810546875,-0.007507334463298321,-1.7675435543060303,98.81170654296875
1833.7132568359375,79.03994750976562,4181.55419921875,-0.007720948196947575,-1.8184421062469482,98.811767578125
1830.50927734375,78.9334487915039,4182.05029296875,-0.00790405087172985,-1.883513331413269,98.81184387207031
1827.2998046875,78.82341766357422,4182.5478515625,-0.008148194290697575,-1.9381344318389893,98.81184387207031
1824.0850830078125,78.7097396850586,4183.04638671875,-0.00845338311046362,-2.0020103454589844,98.81195068359375
1820.865234375,78.59271240234375,4183.5458984375,-0.008728016167879105,-2.0523078441619873,98.81196594238281
1817.6400146484375,78.47220611572266,4184.04541015625,-0.008880604058504105,-2.115842342376709,98.81207275390625
1814.4091796875,78.34902954101562,4184.54638671875,-0.00891114305704832,-2.124298095703125,98.81211853027344
1811.1727294921875,78.2251205444336,4185.0478515625,-0.008880626410245895,-2.1219756603240967,98.81224060058594
1807.930908203125,78.10114288330078,4185.55078125,-0.008636478334665298,-2.116976022720337,98.81234741210938
1804.6837158203125,77.97731018066406,4186.05419921875,-0.008697520941495895,-2.1139843463897705,98.8123779296875
1801.4310302734375,77.85414123535156,4186.55859375,-0.008422832004725933,-2.0765275955200195,98.8125
1798.172119140625,77.73451232910156,4187.0634765625,-0.007934564724564552,-1.958611249923706,98.8126220703125
1794.9080810546875,77.62142944335938,4187.56982421875,-0.007446285802870989,-1.8291313648223877,98.81269836425781
1791.63916015625,77.51370239257812,4188.07666015625,-0.0074768103659152985,-1.806612253189087,98.812744140625
1788.365234375,77.40721130371094,4188.58447265625,-0.007598883472383022,-1.8232096433639526,98.8128662109375
1785.08642578125,77.29988098144531,4189.09228515625,-0.007812506519258022,-1.8547377586364746,98.81295776367188
1781.802001953125,77.19099426269531,4189.6015625,-0.007690409664064646,-1.8708159923553467,98.81300354003906
1778.5128173828125,77.08101654052734,4190.111328125,-0.007659920956939459,-1.8760615587234497,98.81314086914062
1775.21826171875,76.97039031982422,4190.6220703125,-0.008239740505814552,-1.8783223628997803,98.81326293945312
1771.9185791015625,76.85932159423828,4191.1337890625,-0.008911135606467724,-1.879784107208252,98.81336975097656
1768.6141357421875,76.74662017822266,4191.64599609375,-0.009124753065407276,-1.9511048793792725,98.81346130371094
1765.3052978515625,76.6283950805664,4192.1591796875,-0.008911113254725933,-2.088897228240967,98.81356811523438
1761.98974609375,76.50675964355469,4192.67333984375,-0.0081787109375,-1.9934383630752563,98.81369018554688
1758.668701171875,76.39073944091797,4193.18798828125,-0.007629394065588713,-1.829377293586731,98.81385803222656
1755.344482421875,76.2772216796875,4193.70361328125,-0.008300770074129105,-1.9884592294692993,98.81393432617188
1752.0157470703125,76.15544128417969,4194.2197265625,-0.00894164852797985,-2.1703128814697266,98.81402587890625
1748.6802978515625,76.02758026123047,4194.73681640625,-0.00851440615952015,-2.1255478858947754,98.81414794921875
1745.33837890625,75.90390014648438,4195.2548828125,-0.0075683738104999065,-1.907193660736084,98.81431579589844
1741.992431640625,75.78855895996094,4195.77099609375,-0.43389892578125,-1.8973103761672974,98.81248474121094
1738.6453857421875,75.66259765625,4196.27978515625,-1.78973388671875,-2.4854373931884766,98.79435729980469
1735.2830810546875,75.54493713378906,4196.80224609375,-1.9217220544815063,-1.1783441305160522,98.86915588378906
1731.9281005859375,75.46356201171875,4197.3349609375,-0.6889343857765198,-1.3610858917236328,98.89073181152344
1728.5682373046875,75.3759765625,4197.86376953125,-0.0629882737994194,-1.6482816934585571,98.91146850585938
1725.2020263671875,75.27692413330078,4198.3896484375,0.0655190721154213,-1.7801793813705444,98.93063354492188
1721.8304443359375,75.17057800292969,4198.916015625,0.07822354882955551,-1.8435089588165283,98.94743347167969
1718.454833984375,75.05708312988281,4199.443359375,0.06739720702171326,-1.9954806566238403,98.96139526367188
1715.0736083984375,74.93622589111328,4199.9716796875,0.05430904030799866,-2.0485239028930664,98.97494506835938
1711.688232421875,74.8090591430664,4200.5009765625,0.04347061365842819,-2.1979410648345947,98.98577880859375
1708.297607421875,74.67476654052734,4201.0322265625,0.03533519059419632,-2.251919984817505,98.99667358398438
1704.9024658203125,74.53484344482422,4201.564453125,0.029233837500214577,-2.386775255203247,99.0052490234375
1701.5023193359375,74.38795471191406,4202.09814453125,0.02458088845014572,-2.45770001411438,99.01385498046875
1698.09716796875,74.23664855957031,4202.6328125,0.02131001651287079,-2.5145819187164307,99.0216064453125
1694.68701171875,74.08155059814453,4203.1689453125,0.018956784158945084,-2.5577008724212646,99.028564453125
1691.2718505859375,73.92440032958984,4203.70654296875,0.017532773315906525,-2.5592308044433594,99.03521728515625
1687.851806640625,73.76696014404297,4204.24560546875,0.016079381108283997,-2.5522708892822266,99.04098510742188
1684.427490234375,73.60981750488281,4204.78564453125,0.015170484781265259,-2.5448873043060303,99.04606628417969
1680.99853515625,73.45311737060547,4205.32763671875,0.014514901675283909,-2.5390613079071045,99.05047607421875
1677.5655517578125,73.29679870605469,4205.8701171875,0.013615320436656475,-2.534573793411255,99.05436706542969
1674.1280517578125,73.14076232910156,4206.41357421875,0.013037718832492828,-2.531308889389038,99.05764770507812
1670.6866455078125,72.98489379882812,4206.95849609375,0.012652911245822906,-2.529205322265625,99.06057739257812
1667.2413330078125,72.82911682128906,4207.50439453125,0.012112266384065151,-2.52777099609375,99.0631103515625
1663.79248046875,72.67337036132812,4208.05126953125,0.01163833774626255,-2.526643991470337,99.0653076171875
1660.340087890625,72.51760864257812,4208.59912109375,0.011015858501195908,-2.525960922241211,99.06716918945312
1656.884033203125,72.3617935180664,4209.1474609375,0.010234641842544079,-2.525721788406372,99.06886291503906
1653.4246826171875,72.20587921142578,4209.69677734375,0.009626497514545918,-2.5256876945495605,99.07029724121094
1649.9620361328125,72.04987335205078,4210.24658203125,0.00922484789043665,-2.525817394256592,99.07159423828125
1646.49609375,71.89375305175781,4210.7978515625,0.008793541230261326,-2.525960922241211,99.07267761230469
1643.0269775390625,71.73751831054688,4211.349609375,0.008211690001189709,-2.526118040084839,99.07365417480469
1639.554931640625,71.58116912841797,4211.90234375,0.007688287179917097,-2.526486873626709,99.07449340820312
1636.080078125,71.4246826171875,4212.45556640625,0.007408393546938896,-2.526855707168579,99.07522583007812
1632.602294921875,71.26809692382812,4213.00927734375,0.006879703141748905,-2.5273678302764893,99.07579040527344
1629.121826171875,71.11138153076172,4213.56396484375,0.006717063020914793,-2.5277981758117676,99.07637023925781
1625.638671875,70.95455169677734,4214.11865234375,0.006412545684725046,-2.528228521347046,99.07681274414062
1622.153076171875,70.797607421875,4214.67431640625,0.0059448108077049255,-2.5286519527435303,99.0772705078125
1618.66455078125,70.64114379882812,4215.23046875,0.005447768606245518,-2.494385004043579,99.07771301269531
1615.1737060546875,70.4864273071289,4215.78662109375,0.005231127142906189,-2.4696664810180664,99.07806396484375
1611.6802978515625,70.3337173461914,4216.34423828125,0.004986671265214682,-2.409512996673584,99.07839965820312
1608.184326171875,70.18480682373047,4216.90185546875,0.00481827836483717,-2.3490591049194336,99.07875061035156
1604.6866455078125,70.0392837524414,4217.4599609375,0.00456536328420043,-2.295776605606079,99.07899475097656
1601.189697265625,69.89791107177734,4218.017578125,0.00425411993637681,-2.2297286987304688,99.0792236328125
1597.700439453125,69.760498046875,4218.57470703125,0.004167504142969847,-2.1969234943389893,99.07942199707031
1594.2261962890625,69.62752532958984,4219.12939453125,0.003746005007997155,-2.1380608081817627,99.07963562011719
1590.7730712890625,69.49876403808594,4219.6806640625,0.0033569110091775656,-2.13387393951416,99.07981872558594
1587.3443603515625,69.3731460571289,4220.22802734375,0.002970367670059204,-2.115172863006592,99.08018493652344
1583.94384765625,69.25020599365234,4220.77099609375,0.0027943411841988564,-2.1284711360931396,99.08049011230469
1580.57373046875,69.12870788574219,4221.30859375,0.002708608750253916,-2.149747371673584,99.08088684082031
1577.2357177734375,69.00814056396484,4221.841796875,0.0026980724651366472,-2.170224189758301,99.08137512207031
1573.9312744140625,68.88842010498047,4222.369140625,0.0028390795923769474,-2.188112497329712,99.0819091796875
1570.6610107421875,68.76957702636719,4222.8916015625,0.002726272912696004,-2.2028794288635254,99.08256530761719
1567.4263916015625,68.6517105102539,4223.408203125,0.002506231190636754,-2.2153308391571045,99.08331298828125
1564.227783203125,68.534912109375,4223.91943359375,0.0023962287232279778,-2.2254257202148438,99.08412170410156
1561.06591796875,68.41927337646484,4224.4248046875,0.0023395298048853874,-2.2336971759796143,99.08502197265625
1557.9410400390625,68.30484008789062,4224.923828125,0.002437358954921365,-2.2403223514556885,99.08596801757812
1554.8533935546875,68.19168090820312,4225.4169921875,0.002523331670090556,-2.245725154876709,99.08700561523438
1551.80322265625,68.07981872558594,4225.904296875,0.0026974964421242476,-2.2501168251037598,99.08816528320312
1548.7904052734375,67.96926879882812,4226.3857421875,0.00265674339607358,-2.2532997131347656,99.08944702148438
1545.8150634765625,67.86006164550781,4226.861328125,0.0024948990903794765,-2.2558884620666504,99.09075927734375
1542.87744140625,67.75221252441406,4227.3310546875,0.0026201708242297173,-2.2577803134918213,99.09219360351562
1539.9771728515625,67.64571380615234,4227.79443359375,0.002987554529681802,-2.2590575218200684,99.09371948242188
1537.114013671875,67.54056549072266,4228.251953125,0.002896599005907774,-2.2600412368774414,99.09530639648438
1534.2880859375,67.43677520751953,4228.7041015625,0.003248628694564104,-2.2605533599853516,99.0970458984375
1531.4991455078125,67.3343276977539,4229.14990234375,0.0034626389387995005,-2.2605533599853516,99.09886169433594
1528.7469482421875,67.23323059082031,4229.58984375,0.003441905602812767,-2.2606148719787598,99.10078430175781
1526.0313720703125,67.13346862792969,4230.0244140625,0.003602872835472226,-2.260280132293701,99.10276794433594
1523.35205078125,67.0350341796875,4230.453125,0.003574247704818845,-2.2597339153289795,99.10494995117188
1520.7086181640625,66.93792724609375,4230.8759765625,0.0036920655984431505,-2.259153127670288,99.10720825195312
1518.1007080078125,66.84212493896484,4231.29345703125,0.0038104162085801363,-2.2582380771636963,99.10954284667969
1515.5284423828125,66.74761199951172,4231.70458984375,0.0037716967053711414,-2.257261276245117,99.11192321777344
1512.9910888671875,66.6543960571289,4232.11083984375,0.004211849067360163,-2.2562777996063232,99.11448669433594
1510.48876953125,66.56245422363281,4232.51123046875,0.004428311251103878,-2.2551233768463135,99.11711120605469
1508.0208740234375,66.4717788696289,4232.90673828125,0.00437629409134388,-2.253969192504883,99.11979675292969
1505.587158203125,66.38236236572266,4233.296875,0.004634769633412361,-2.25252103805542,99.12258911132812
1503.18701171875,66.294189453125,4233.68115234375,0.005111365579068661,-2.2511892318725586,99.12541198730469
1500.820556640625,66.20723724365234,4234.06005859375,0.005279497243463993,-2.2499120235443115,99.12832641601562
1498.4871826171875,66.12150573730469,4234.43408203125,0.005321652628481388,-2.2484707832336426,99.13124084472656
1496.1866455078125,66.03697967529297,4234.80322265625,0.00556090148165822,-2.247002363204956,99.13420104980469
1493.9185791015625,65.95364379882812,4235.1669921875,0.005658954847604036,-2.2455475330352783,99.13720703125
1491.6826171875,65.8714828491211,4235.525390625,0.005725434049963951,-2.243983507156372,99.14027404785156
1489.478515625,65.79049682617188,4235.87939453125,0.005873498041182756,-2.2425217628479004,99.14329528808594
1487.305908203125,65.71066284179688,4236.228515625,0.006352945230901241,-2.2408416271209717,99.14633178710938
1485.164306640625,65.63197326660156,4236.572265625,0.006564355921000242,-2.2393798828125,99.14930725097656
1483.0533447265625,65.55439758300781,4236.91162109375,0.006427387241274118,-2.237877130508423,99.15226745605469
1480.97265625,65.47795104980469,4237.24560546875,0.006784488912671804,-2.236114978790283,99.15518188476562
1478.9219970703125,65.402587890625,4237.57568359375,0.006867146119475365,-2.2343733310699463,99.15803527832031
1476.90087890625,65.32831573486328,4237.900390625,0.007080477196723223,-2.2327544689178467,99.16082763671875
1474.9093017578125,65.25511932373047,4238.220703125,0.006987684406340122,-2.2311699390411377,99.16354370117188
1472.946533203125,65.18301391601562,4238.53662109375,0.007240292616188526,-2.229701519012451,99.16616821289062
1471.012451171875,65.1119384765625,4238.84814453125,0.007307997904717922,-2.2280826568603516,99.16868591308594
1469.1065673828125,65.04190063476562,4239.15478515625,0.007261516992002726,-2.226470708847046,99.17109680175781
1467.2283935546875,64.97288513183594,4239.45751953125,0.007251162547618151,-2.224790573120117,99.17338562011719
1465.3775634765625,64.90486907958984,4239.75537109375,0.007305649109184742,-2.2229533195495605,99.17555236816406
1463.55419921875,64.83784484863281,4240.0498046875,0.007466216571629047,-2.2211227416992188,99.17759704589844
1461.7572021484375,64.77179718017578,4240.33935546875,0.007272856310009956,-2.2192649841308594,99.17947387695312
1459.986328125,64.70671844482422,4240.625,0.007289880886673927,-2.217161178588867,99.1812744140625
1458.2412109375,64.642578125,4240.90625,0.007319014053791761,-2.2150847911834717,99.18296813964844
1456.520751953125,64.57935333251953,4241.18408203125,0.0072805010713636875,-2.212858200073242,99.18440246582031
1454.8250732421875,64.51703643798828,4241.4580078125,0.007167507894337177,-2.210665702819824,99.18580627441406
1453.1531982421875,64.45559692382812,4241.72802734375,0.007247329689562321,-2.2082204818725586,99.18702697753906
1451.5047607421875,64.39501953125,4241.994140625,0.0072210319340229034,-2.2058093547821045,99.1881103515625
1449.87939453125,64.33526611328125,4242.2568359375,0.006968422792851925,-2.2033028602600098,99.1890869140625
1448.2762451171875,64.2763442993164,4242.515625,0.0068043917417526245,-2.2007687091827393,99.18989562988281
1446.69482421875,64.21820831298828,4242.771484375,0.006879807915538549,-2.198207378387451,99.19065856933594
1445.1346435546875,64.1608657836914,4243.0234375,0.006730342283844948,-2.195584774017334,99.19131469726562
1443.5950927734375,64.10427856445312,4243.2724609375,0.006824728567153215,-2.193023443222046,99.19184875488281
1442.075927734375,64.04842376708984,4243.51806640625,0.006760943681001663,-2.190359592437744,99.19229125976562
1440.5765380859375,63.993324279785156,4243.7607421875,0.0067251017317175865,-2.187893867492676,99.19264221191406
1439.0960693359375,63.93891143798828,4244.0,0.006471040192991495,-2.1851754188537598,99.1929931640625
1437.6341552734375,63.88517761230469,4244.236328125,0.006163687910884619,-2.182668685913086,99.1932373046875
1436.1905517578125,63.83211135864258,4244.4697265625,0.006271544378250837,-2.180168867111206,99.19340515136719
1434.7646484375,63.77969741821289,4244.70068359375,0.006286579184234142,-2.1776349544525146,99.19354248046875
1433.355712890625,63.727909088134766,4244.9287109375,0.006040999200195074,-2.1751692295074463,99.19363403320312
1431.96337890625,63.67673110961914,4245.154296875,0.0059486618265509605,-2.172635316848755,99.19366455078125
1430.587158203125,63.62614059448242,4245.376953125,0.005991731770336628,-2.170224189758301,99.19367980957031
1429.22705078125,63.576141357421875,4245.59716796875,0.0059343320317566395,-2.1678130626678467,99.19367980957031
1427.8817138671875,63.52669906616211,4245.8154296875,0.005845800507813692,-2.165436267852783,99.19366455078125
1426.55126953125,63.47779083251953,4246.0302734375,0.0056873164139688015,-2.163114070892334,99.19366455078125
1425.235107421875,63.42940902709961,4246.2431640625,0.005601309239864349,-2.1607916355133057,99.19364929199219
1423.9329833984375,63.38154220581055,4246.4541015625,0.005700809881091118,-2.1585376262664795,99.193603515625
1422.6441650390625,63.334163665771484,4246.66259765625,0.005766027141362429,-2.156242847442627,99.19354248046875
1421.3682861328125,63.287269592285156,4246.869140625,0.005581166595220566,-2.1540162563323975,99.1934814453125
1420.10498046875,63.24083709716797,4247.0732421875,0.005505358800292015,-2.1517281532287598,99.19340515136719
1418.85400390625,63.194847106933594,4247.27587890625,0.005429285112768412,-2.149590253829956,99.193359375
1417.6148681640625,63.149295806884766,4247.4765625,0.0054706078954041,-2.1474249362945557,99.19328308105469
1416.38671875,63.104164123535156,4247.67529296875,0.005355033092200756,-2.145382881164551,99.1932373046875
1415.169677734375,63.05942916870117,4247.87255859375,0.005496196914464235,-2.143251657485962,99.19316101074219
1413.963134765625,63.01507568359375,4248.06787109375,0.005383666604757309,-2.1411685943603516,99.19309997558594
1412.766845703125,62.97110366821289,4248.26123046875,0.005381456110626459,-2.13909912109375,99.19300842285156
1411.580322265625,62.927490234375,4248.453125,0.005275588482618332,-2.13720703125,99.1929931640625
1410.4031982421875,62.88421630859375,4248.6435546875,0.005246546119451523,-2.135246753692627,99.19290161132812
1409.235107421875,62.84128189086914,4248.83251953125,0.005352000705897808,-2.133300304412842,99.19285583496094
1408.0770263671875,62.798675537109375,4249.025390625,0.05015670880675316,-2.1315927505493164,99.46583557128906
1406.92822265625,62.756404876708984,4249.2216796875,0.08378181606531143,-2.1296937465667725,99.90925598144531
1405.7874755859375,62.71440887451172,4249.41748046875,0.09105870872735977,-2.127624273300171,100.20458984375
1404.6551513671875,62.67270278930664,4249.61474609375,0.09723860025405884,-2.1253907680511475,100.40158081054688
1403.5301513671875,62.63125991821289,4249.8134765625,0.10344412177801132,-2.123382806777954,100.53309631347656
1402.412841796875,62.59008026123047,4250.01318359375,0.10858656466007233,-2.1214840412139893,100.62101745605469
1401.3021240234375,62.54914093017578,4250.21435546875,0.11120595782995224,-2.1196329593658447,100.67977905273438
1400.1983642578125,62.50843048095703,4250.4169921875,0.11147446185350418,-2.1178572177886963,100.71907043457031
1399.1007080078125,62.467933654785156,4250.6201171875,0.10970710963010788,-2.1160266399383545,100.74534606933594
1398.009033203125,62.42765426635742,4250.8232421875,0.10678859055042267,-2.1143805980682373,100.76289367675781
1396.9227294921875,62.3875732421875,4251.0263671875,0.10273448377847672,-2.1125433444976807,100.77459716796875
1395.8414306640625,62.34766387939453,4251.2294921875,0.09846081584692001,-2.1108357906341553,100.78239440917969
1394.7647705078125,62.30792999267578,4251.4326171875,0.093936488032341,-2.109100818634033,100.78767395019531
1393.6927490234375,62.26835250854492,4251.6357421875,0.08910521864891052,-2.1075708866119385,100.7911376953125
1392.6246337890625,62.22892761230469,4251.83837890625,0.08532322198152542,-2.1058974266052246,100.79347229003906
1391.5604248046875,62.18963623046875,4252.0400390625,0.08213935047388077,-2.1042444705963135,100.79498291015625
1390.49951171875,62.15046691894531,4252.24169921875,0.0787166878581047,-2.1027145385742188,100.79594421386719
1389.4415283203125,62.11141586303711,4252.44287109375,0.07589853554964066,-2.101198196411133,100.79667663574219
1388.386474609375,62.07246017456055,4252.64404296875,0.07389529794454575,-2.0995795726776123,100.79710388183594
1387.333984375,62.03360366821289,4252.84375,0.07194141298532486,-2.0980496406555176,100.79737854003906
1386.283935546875,61.99482727050781,4253.0439453125,0.07034847140312195,-2.096492290496826,100.79753112792969
1385.2354736328125,61.95612716674805,4253.244140625,0.06922518461942673,-2.0948734283447266,100.79765319824219
1384.1885986328125,61.91748046875,4253.44384765625,0.06825827807188034,-2.0933778285980225,100.79766845703125
1383.14306640625,61.87887954711914,4253.6435546875,0.0671255961060524,-2.091977596282959,100.79776000976562
1382.0987548828125,61.84031677246094,4253.84228515625,0.06658037006855011,-2.0905704498291016,100.79777526855469
1381.054931640625,61.801780700683594,4254.04052734375,0.06604865938425064,-2.0890815258026123,100.79777526855469
1380.0118408203125,61.763275146484375,4254.23876953125,0.06555971503257751,-2.0875790119171143,100.79777526855469
1378.9688720703125,61.72477340698242,4254.4375,0.06532119959592819,-2.086178779602051,100.79777526855469
1377.9259033203125,61.68626403808594,4254.6357421875,0.06486338376998901,-2.0845940113067627,100.79777526855469
1376.8824462890625,61.64775085449219,4254.83447265625,0.06471195816993713,-2.0831596851348877,100.79777526855469
1375.83837890625,61.60920715332031,4255.03271484375,0.06435859948396683,-2.0817253589630127,100.79777526855469
1374.7935791015625,61.57063293457031,4255.23193359375,0.0641956552863121,-2.0803184509277344,100.79777526855469
1373.7474365234375,61.53200912475586,4255.431640625,0.06427229195833206,-2.078918218612671,100.79777526855469
1372.699951171875,61.493343353271484,4255.6318359375,0.06308388710021973,-2.0769920349121094,100.79766845703125
1371.6507568359375,61.45464324951172,4255.83154296875,0.057841259986162186,-2.073392629623413,100.79766845703125
1370.5994873046875,61.41585922241211,4256.03173828125,0.055765241384506226,-2.071070432662964,100.79766845703125
1369.5460205078125,61.37699508666992,4256.23291015625,0.05383065715432167,-2.0705785751342773,100.79777526855469
1368.4901123046875,61.33807373046875,4256.43408203125,0.045646097511053085,-2.0703940391540527,100.79791259765625
1367.4312744140625,61.29903793334961,4256.6357421875,0.04054183140397072,-2.068324565887451,100.79804992675781
1366.369384765625,61.25984573364258,4256.83837890625,0.039262495934963226,-2.0668082237243652,100.79827880859375
1365.30419921875,61.22062683105469,4257.04150390625,0.03342485800385475,-2.0619451999664307,100.7984619140625
1364.2352294921875,61.1817741394043,4257.2451171875,0.03001287393271923,-2.030574083328247,100.7987060546875
1363.162109375,61.14338302612305,4257.44970703125,0.024496564641594887,-1.9687131643295288,100.79896545410156
1362.0848388671875,61.10620880126953,4257.65576171875,0.01972532458603382,-1.8688284158706665,100.79924011230469
1361.0029296875,61.07051086425781,4257.86181640625,0.014424027875065804,-1.751485824584961,100.79949951171875
1359.91650390625,61.03688430786133,4258.0693359375,0.008599123917520046,-1.6328386068344116,100.79975891113281
1358.8253173828125,61.00540542602539,4258.27685546875,0.006346777081489563,-1.5036319494247437,100.80009460449219
1357.7288818359375,60.97627639770508,4258.486328125,0.0013725929893553257,-1.3925116062164307,100.80027770996094
1356.627197265625,60.949344635009766,4258.6962890625,-0.002594004850834608,-1.2601561546325684,100.80050659179688
1355.520263671875,60.924739837646484,4258.9072265625,-0.00350951892323792,-1.1520615816116333,100.80075073242188
1354.407470703125,60.9023323059082,4259.1201171875,-0.007049566134810448,-1.0234627723693848,100.80099487304688
1353.2890625,60.88222122192383,4259.3330078125,-0.007934571243822575,-0.9125952124595642,100.80116271972656
1352.1673583984375,60.86439895629883,4259.54736328125,-0.008728020824491978,-0.7950407862663269,100.80130004882812
1351.048095703125,60.84897994995117,4259.7607421875,-0.009643553756177425,-0.6840161085128784,100.80145263671875
1349.9359130859375,60.836063385009766,4259.9677734375,-0.0472412109375,-0.5886461734771729,100.52204895019531
1348.8328857421875,60.8253059387207,4260.16064453125,-0.1156921237707138,-0.49267518520355225,99.71383666992188
1347.7423095703125,60.81635665893555,4260.3447265625,-0.138916015625,-0.45171454548835754,98.90806579589844
1346.6654052734375,60.807430267333984,4260.5234375,-0.1414794623851776,-0.4901685118675232,98.37417602539062
1345.603515625,60.7979736328125,4260.69384765625,-0.15264892578125,-0.6355559229850769,98.02195739746094
