4843.28857421875,504.18017578125,2955.47314453125,-0.1281433254480362,-1.0895038843154907,-88.7956850528717
4843.6259765625,504.1734619140625,2955.462646484375,-0.10287473350763321,-1.0799553394317627,-88.58248913288116
4843.97265625,504.1665954589844,2955.444091796875,-0.0564269982278347,-1.0732412338256836,-88.02908289432526
4844.330078125,504.15972900390625,2955.419189453125,-0.02352905087172985,-1.063016414642334,-87.36715698242188
4844.697265625,504.1525573730469,2955.388671875,0.0013464733492583036,-1.0494039058685303,-86.62460279464722
4845.076171875,504.1452331542969,2955.35205078125,0.021305225789546967,-1.0347257852554321,-85.87948417663574
4845.46533203125,504.1377258300781,2955.314208984375,-0.0007629382307641208,-1.0225543975830078,-85.36569023132324
4845.86376953125,504.1302185058594,2955.278564453125,-0.0357360877096653,-1.0165369510650635,-85.19100761413574
4846.2724609375,504.12249755859375,2955.243408203125,-0.0550842210650444,-1.0099458694458008,-85.09249639511108
4846.69189453125,504.1146240234375,2955.20703125,-0.0641784593462944,-0.9992976188659668,-85.08035039901733
4847.12158203125,504.1067199707031,2955.169921875,-0.0696105808019638,-0.9839433431625366,-85.04909944534302
4847.5625,504.0988464355469,2955.131591796875,-0.0756225511431694,-0.9716421961784363,-85.06179618835449
4848.0146484375,504.0908203125,2955.0927734375,-0.0762023851275444,-0.961089551448822,-85.04250812530518
4848.478515625,504.0826721191406,2955.052001953125,-0.0747375339269638,-0.9465002417564392,-85.05758428573608
4848.9541015625,504.0743713378906,2955.01123046875,-0.0756225660443306,-0.9295955300331116,-85.04171514511108
4849.44140625,504.0658874511719,2954.968994140625,-0.0802001804113388,-0.9095147848129272,-85.0556001663208
4849.9404296875,504.057373046875,2954.925537109375,-0.0813598483800888,-0.8923368453979492,-85.04205083847046
4850.451171875,504.0489196777344,2954.881591796875,-0.0862426683306694,-0.8776246309280396,-85.05349445343018
4850.97314453125,504.0403747558594,2954.836181640625,-0.0903930738568306,-0.8595587611198425,-85.04321050643921
4851.5078125,504.0318603515625,2954.78955078125,-0.0904846116900444,-0.8397443890571594,-85.05169439315796
4852.05322265625,504.0233459472656,2954.742431640625,-0.0950317233800888,-0.8204969167709351,-85.04379034042358
4852.609375,504.0146789550781,2954.68896484375,-0.0645751878619194,-0.8061808347702026,-84.79379081726074
4853.17529296875,504.0060119628906,2954.62451171875,0.001098424894735217,-0.7928414940834045,-84.08877182006836
4853.75048828125,503.9974060058594,2954.549560546875,0.048420652747154236,-0.7786825299263,-83.15685367584229
4854.3349609375,503.9888610839844,2954.46337890625,0.08949223160743713,-0.763485312461853,-82.10424041748047
4854.92822265625,503.9803466796875,2954.365478515625,0.12302351742982864,-0.7487184405326843,-80.99113845825195
4855.53173828125,503.9718322753906,2954.26171875,0.1009184718132019,-0.7316293120384216,-80.19966316223145
4856.1455078125,503.9632568359375,2954.155517578125,0.06898923218250275,-0.7141098976135254,-79.82713413238525
4856.76904296875,503.9547424316406,2954.045654296875,0.042866844683885574,-0.696713387966156,-79.65107822418213
4857.40283203125,503.9463806152344,2953.93212890625,0.02581009455025196,-0.6794739961624146,-79.56736755371094
4858.04638671875,503.9381408691406,2953.815185546875,0.010650413110852242,-0.6635118722915649,-79.52680969238281
4859.3642578125,503.9217529296875,2953.573486328125,-0.012145999819040298,-0.6226741671562195,-79.4968729019165
4859.3642578125,503.9217529296875,2953.573486328125,-0.012145999819040298,-0.6226741671562195,-79.4968729019165
4860.0380859375,503.9136962890625,2953.448974609375,-0.02560424990952015,-0.6032695770263672,-79.49180507659912
4860.72216796875,503.90582275390625,2953.32275390625,-0.0310363806784153,-0.582669734954834,-79.48908996582031
4861.41552734375,503.8980712890625,2953.194091796875,-0.0416259802877903,-0.5613390803337097,-79.48765563964844
4862.119140625,503.8904113769531,2953.0634765625,-0.046508800238370895,-0.5437308549880981,-79.48683261871338
4862.8330078125,503.88287353515625,2952.930908203125,-0.0538330115377903,-0.5221815705299377,-79.48631286621094
4863.5546875,503.8755798339844,2952.79150390625,-0.017974860966205597,-0.502715528011322,-79.21354484558105
4864.28369140625,503.86846923828125,2952.639404296875,0.04099208861589432,-0.4846155643463135,-78.45020866394043
4865.01904296875,503.86151123046875,2952.474365234375,0.09521875530481339,-0.4635034501552582,-77.39609622955322
4865.7607421875,503.8547668457031,2952.294921875,0.14168724417686462,-0.4424118101596832,-76.17524242401123
4866.50830078125,503.84814453125,2952.099853515625,0.18691638112068176,-0.42105382680892944,-74.85584926605225
4867.26123046875,503.8418273925781,2951.8876953125,0.22618368268013,-0.4003036916255951,-73.4753303527832
4868.01806640625,503.8356628417969,2951.656494140625,0.26476478576660156,-0.37951260805130005,-72.05409812927246
4868.775390625,503.8298034667969,2951.40283203125,0.3302055299282074,-0.35778579115867615,-70.38397407531738
4869.52978515625,503.8240966796875,2951.12060546875,0.41417133808135986,-0.33865442872047424,-68.28019523620605
4870.2802734375,503.8188171386719,2950.8095703125,0.48823070526123047,-0.3168319761753082,-65.87953758239746
4871.03076171875,503.8137512207031,2950.475830078125,0.4926069974899292,-0.2932746410369873,-63.776723861694336
4871.78564453125,503.8088684082031,2950.12744140625,0.44027814269065857,-0.27340564131736755,-62.514726638793945
4872.54248046875,503.8040466308594,2949.762451171875,0.3993991017341614,-0.25850898027420044,-61.76374626159668
4873.30322265625,503.7994079589844,2949.381103515625,0.36608144640922546,-0.2523481547832489,-61.31754112243652
4874.0673828125,503.79486083984375,2948.98583984375,0.33378076553344727,-0.2525599002838135,-61.0529842376709
4874.8369140625,503.7903137207031,2948.578369140625,0.30039215087890625,-0.2543562352657318,-60.89603233337402
4875.611328125,503.78564453125,2948.160888671875,0.26616278290748596,-0.2566511631011963,-60.80282783508301
4876.39306640625,503.781005859375,2947.73486328125,0.23029831051826477,-0.2532360851764679,-60.74688911437988
4877.18115234375,503.7764587402344,2947.30078125,0.19470100104808807,-0.24234193563461304,-60.71301460266113
4877.9765625,503.7720642089844,2946.85986328125,0.16245003044605255,-0.22097709774971008,-60.69223403930664
4878.7802734375,503.7679443359375,2946.412353515625,0.1330515593290329,-0.18997487425804138,-60.6793212890625
4879.59130859375,503.76416015625,2945.959716796875,0.10625366866588593,-0.15451252460479736,-60.671329498291016
4880.41064453125,503.7609558105469,2945.501220703125,0.08513103425502777,-0.11629762500524521,-60.66632652282715
4881.2373046875,503.75830078125,2945.037841796875,0.06564243882894516,-0.07959219068288803,-60.663177490234375
4882.0732421875,503.7562255859375,2944.569091796875,0.05116530507802963,-0.04199200123548508,-60.66119384765625
4882.91748046875,503.7549133300781,2944.09521484375,0.0391407385468483,-0.005095320753753185,-60.65987968444824
4883.76904296875,503.75433349609375,2943.61669921875,0.02911536395549774,0.04585105553269386,-60.65903282165527
4884.62939453125,503.7547912597656,2943.1337890625,0.022348757833242416,0.11093592643737793,-60.658416748046875
4885.4970703125,503.7558898925781,2942.6455078125,0.017122013494372368,0.16964823007583618,-60.65808296203613
4886.37353515625,503.7576599121094,2942.153076171875,0.0137633690610528,0.20164766907691956,-60.6578369140625
4887.25830078125,503.76025390625,2941.65625,0.010466856881976128,0.20377185940742493,-60.65771675109863
4888.150390625,503.7630615234375,2941.154541015625,0.0073821949772536755,0.19994011521339417,-60.65759086608887
4889.05029296875,503.76617431640625,2940.6484375,0.005838156212121248,0.2096799612045288,-60.65749549865723
4889.95849609375,503.7702941894531,2940.137451171875,0.005319799762219191,0.2793956995010376,-60.65740394592285
4890.8759765625,503.7751159667969,2939.621826171875,0.0035765981301665306,0.367792010307312,-60.6573486328125
4891.80126953125,503.78057861328125,2939.101806640625,0.002796056680381298,0.4373984634876251,-60.65728950500488
4892.734375,503.7874755859375,2938.57763671875,0.0013960496289655566,0.4497201144695282,-60.657222747802734
4893.6748046875,503.79498291015625,2938.04931640625,0.00040131245623342693,0.4469129145145416,-60.65717124938965
4894.62353515625,503.8029479980469,2937.51611328125,0.0007732102531008422,0.4592618942260742,-60.65710258483887
4895.580078125,503.8121337890625,2936.978271484375,0.0006914399564266205,0.5339909791946411,-60.65704154968262
4896.54443359375,503.8219909667969,2936.436279296875,-0.0007934567984193563,0.6281315088272095,-60.657012939453125
4897.5166015625,503.8328857421875,2935.889404296875,-0.0008545159362256527,0.6901427507400513,-60.65694808959961
4898.49658203125,503.84527587890625,2935.338623046875,-0.0006103467894718051,0.6989878416061401,-60.656890869140625
4899.484375,503.858154296875,2934.78369140625,-0.0006408708868548274,0.6946302056312561,-60.656829833984375
4900.4794921875,503.87127685546875,2934.223876953125,-9.157403837889433e-05,0.6993566751480103,-60.65676498413086
4901.482421875,503.88427734375,2933.66015625,-0.0009155246079899371,0.6871579885482788,-60.65673637390137
4902.4931640625,503.8967590332031,2933.092041015625,-0.0009765411959961057,0.657351016998291,-60.65667533874512
4903.51171875,503.90936279296875,2932.519287109375,-0.0006408603512682021,0.6119644045829773,-60.65664863586426
4904.5380859375,503.9211120605469,2931.942626953125,-0.0005798364873044193,0.5910162329673767,-60.65661811828613
4906.61328125,503.9393615722656,2930.77587890625,0.000802022812422365,0.36123502254486084,-60.65652275085449
4906.61328125,503.9393615722656,2930.77587890625,0.000802022812422365,0.36123502254486084,-60.65652275085449
4907.66259765625,503.9456787109375,2930.186279296875,-0.0005798364873044193,0.21648283302783966,-60.656490325927734
4908.7197265625,503.94866943359375,2929.591796875,-0.0011291507398709655,0.103067547082901,-60.656436920166016
4909.7841796875,503.9496765136719,2928.9931640625,-0.0011291498085483909,-0.012547057121992111,-60.6563720703125
4910.85693359375,503.9474182128906,2928.39013671875,-0.0021667522378265858,-0.12079188972711563,-60.65627861022949
4911.9375,503.94354248046875,2927.782470703125,-0.00387572986073792,-0.2303139716386795,-60.65615653991699
4913.0234375,503.9364318847656,2927.172119140625,-0.007354730740189552,-0.34335359930992126,-60.656005859375
4914.10888671875,503.9275207519531,2926.56201171875,-0.009185794740915298,-0.45608586072921753,-60.6558837890625
4915.189453125,503.91595458984375,2925.954833984375,-0.013214086182415485,-0.5837352275848389,-60.65572547912598
4916.2607421875,503.9022521972656,2925.352783203125,-0.017181407660245895,-0.7001899480819702,-60.65561103820801
4917.3203125,503.8866271972656,2924.7568359375,-0.02316284365952015,-0.8258654475212097,-60.65542984008789
4918.3671875,503.8684387207031,2924.16796875,-0.02752690762281418,-0.9394515156745911,-60.65527153015137
4919.4013671875,503.84906005859375,2923.58740234375,-0.035247787833213806,-1.0580167770385742,-60.655120849609375
4920.4208984375,503.8270263671875,2923.014404296875,-0.04135129973292351,-1.168023705482483,-60.65494728088379
4921.42529296875,503.8039855957031,2922.448974609375,-0.04684453085064888,-1.2708454132080078,-60.65475654602051
4922.41552734375,503.7787780761719,2921.892333984375,-0.05526723712682724,-1.3758254051208496,-60.654537200927734
4923.390625,503.7521057128906,2921.34423828125,-0.06097410246729851,-1.4700615406036377,-60.65435600280762
4924.3505859375,503.7248229980469,2920.803955078125,-0.06909184157848358,-1.5581027269363403,-60.65417671203613
4925.296875,503.6959533691406,2920.272216796875,-0.0722350925207138,-1.6111459732055664,-60.65402603149414
4926.22802734375,503.6669006347656,2919.748779296875,-0.0794067531824112,-1.6505082845687866,-60.65389633178711
4927.14501953125,503.6377258300781,2919.2333984375,-0.0851440280675888,-1.6654664278030396,-60.65381050109863
4928.04541015625,503.60870361328125,2918.72119140625,-0.04443357139825821,-1.663021206855774,-60.39003944396973
4928.9287109375,503.5802307128906,2918.213623046875,-0.01965332217514515,-1.6559109687805176,-59.96774101257324
4929.79736328125,503.5523376464844,2917.71337890625,-0.022460924461483955,-1.648220181465149,-59.697105407714844
4930.65185546875,503.5250244140625,2917.21923828125,-0.025482166558504105,-1.6426057815551758,-59.52321243286133
4931.49169921875,503.4989013671875,2916.73095703125,-0.017944319173693657,-1.6054085493087769,-59.4105110168457
4932.31787109375,503.4743347167969,2916.248779296875,-0.016784656792879105,-1.5257207155227661,-59.33708572387695
4933.1298828125,503.4507751464844,2915.771728515625,-0.01831054501235485,-1.4321608543395996,-59.28920364379883
4933.92822265625,503.4301452636719,2915.30126953125,-0.010772675275802612,-1.2623213529586792,-59.25721740722656
4934.7138671875,503.41265869140625,2914.8369140625,-0.010833770968019962,-1.0932332277297974,-59.2371711730957
4935.486328125,503.3968200683594,2914.37939453125,-0.00900268368422985,-0.9095762372016907,-59.22399139404297
4936.24560546875,503.38507080078125,2913.9287109375,0.0008009130251593888,-0.70162433385849,-59.215660095214844
4936.98974609375,503.3768005371094,2913.48095703125,0.03394785523414612,-0.5399469137191772,-58.94249725341797
4937.71484375,503.3700256347656,2913.03076171875,0.1040790006518364,-0.3660912811756134,-58.178815841674805
4938.4248046875,503.3671875,2912.583251953125,0.11667415499687195,-0.18002328276634216,-57.4719123840332
4939.12158203125,503.3670654296875,2912.142333984375,0.09835667163133621,-0.03262781351804733,-57.075538635253906
4939.8056640625,503.3680114746094,2911.706298828125,0.08915743976831436,0.12703467905521393,-56.84894943237305
4940.4765625,503.3722229003906,2911.2744140625,0.08639978617429733,0.3082805573940277,-56.72276306152344
4941.13427734375,503.37884521484375,2910.84765625,0.07966628670692444,0.44987037777900696,-56.65372848510742
4941.7802734375,503.3863525390625,2910.4267578125,0.0728563666343689,0.5926418304443359,-56.61445236206055
4942.4150390625,503.396240234375,2910.01171875,0.06589453667402267,0.7796114087104797,-56.59175491333008
4943.037109375,503.40869140625,2909.603271484375,0.055165864527225494,0.9186467528343201,-56.57978820800781
4943.6484375,503.42193603515625,2909.201171875,0.04760907217860222,1.0407090187072754,-56.57310485839844
4944.24951171875,503.43646240234375,2908.80517578125,0.04144957289099693,1.2203224897384644,-56.56898498535156
4945.41943359375,503.4720153808594,2908.03369140625,0.02467609941959381,1.4801087379455566,-56.56571960449219
4945.41943359375,503.4720153808594,2908.03369140625,0.02467609941959381,1.4801087379455566,-56.56571960449219
4946.55029296875,503.5113220214844,2907.287841796875,0.009588607586920261,1.779728651046753,-56.56446075439453
4946.55029296875,503.5113220214844,2907.287841796875,0.009588607586920261,1.779728651046753,-56.56446075439453
4947.1005859375,503.5338439941406,2906.924072265625,0.005995507352054119,1.9004453420639038,-56.5640983581543
4947.642578125,503.5565185546875,2906.56640625,-0.0005798008642159402,2.006251811981201,-56.56379699707031
4948.17626953125,503.57965087890625,2906.21435546875,-0.015319747850298882,2.155559778213501,-56.56370544433594
4948.70068359375,503.60491943359375,2905.8681640625,-0.026000985875725746,2.29571533203125,-56.563575744628906
4949.216796875,503.63140869140625,2905.527099609375,-0.028655920177698135,2.403488874435425,-56.5630989074707
4949.72509765625,503.6578674316406,2905.19189453125,-0.03256221115589142,2.5038516521453857,-56.56324768066406
4950.22607421875,503.6847229003906,2904.861572265625,-0.04504384472966194,2.649573564529419,-56.56108474731445
4950.71923828125,503.71343994140625,2904.5361328125,-0.05926516279578209,2.7837185859680176,-56.56547546386719
4951.2041015625,503.7431945800781,2904.2158203125,-0.06735235452651978,2.8880088329315186,-56.55571365356445
4951.6826171875,503.7729187011719,2903.89990234375,-0.06787116825580597,2.983330726623535,-56.56653594970703
4952.15380859375,503.802734375,2903.588623046875,-0.07693479210138321,3.101684331893921,-56.55261993408203
4952.6181640625,503.8337707519531,2903.281494140625,-0.09066785126924515,3.2422292232513428,-56.56635665893555
4953.07666015625,503.8662414550781,2902.979736328125,-0.10278327763080597,3.343998908996582,-56.55067443847656
4953.52783203125,503.89886474609375,2902.680908203125,-0.10397341102361679,3.434690237045288,-56.56499099731445
4953.97314453125,503.9311218261719,2902.386474609375,-0.10919182002544403,3.523742198944092,-56.54859924316406
4954.41259765625,503.9639587402344,2902.09619140625,-0.11410505324602127,3.6673946380615234,-56.5644645690918
4954.845703125,503.9983825683594,2901.810302734375,-0.1249084547162056,3.780639171600342,-56.54655456542969
4955.2734375,504.0333557128906,2901.52783203125,-0.1291503608226776,3.8718905448913574,-56.5632438659668
4955.69482421875,504.068115234375,2901.2490234375,-0.1379700005054474,3.9522135257720947,-56.54533386230469
4956.11181640625,504.10247802734375,2900.9736328125,-0.14770494401454926,4.033534049987793,-56.56303405761719
4956.5263671875,504.1369323730469,2900.70556640625,-0.1763000190258026,4.133896827697754,-56.77191925048828
4956.935546875,504.1724853515625,2900.443359375,-0.17175281047821045,4.188688278198242,-57.10289001464844
4957.33935546875,504.2083435058594,2900.18359375,-0.1569823920726776,4.223262786865234,-57.2238655090332
4957.73876953125,504.2439270019531,2899.9267578125,-0.1449890285730362,4.256778717041016,-57.30701446533203
4958.1337890625,504.2790832519531,2899.673095703125,-0.14343257248401642,4.293456554412842,-57.31550216674805
4958.52490234375,504.3137512207031,2899.422119140625,-0.14407336711883545,4.3310160636901855,-57.34882736206055
4958.9111328125,504.3484802246094,2899.17431640625,-0.1500854343175888,4.344348430633545,-57.33319091796875
4959.29345703125,504.3831481933594,2898.928955078125,-0.15295392274856567,4.34536600112915,-57.35614776611328
4959.671875,504.41754150390625,2898.686279296875,-0.15966807305812836,4.344184398651123,-57.33549118041992
4960.04736328125,504.4515380859375,2898.445556640625,-0.16052253544330597,4.342456340789795,-57.35764694213867
4960.4189453125,504.4852600097656,2898.20703125,-0.16137689352035522,4.339157581329346,-57.33625793457031
4960.78759765625,504.5186462402344,2897.970947265625,-0.16305559873580933,4.335940361022949,-57.35837936401367
4961.15283203125,504.5516662597656,2897.737060546875,-0.17050163447856903,4.331528186798096,-57.33604431152344
4961.51513671875,504.58441162109375,2897.50439453125,-0.17712390422821045,4.326549053192139,-57.35801315307617
4961.87451171875,504.61676025390625,2897.27392578125,-0.18423466384410858,4.321733474731445,-57.335304260253906
4962.2314453125,504.64886474609375,2897.044921875,-0.18286113440990448,4.3152313232421875,-57.35789489746094
4962.5859375,504.6806945800781,2896.8173828125,-0.19021596014499664,4.311413288116455,-57.33457946777344
4962.9384765625,504.71240234375,2896.591552734375,-0.195159912109375,4.308271408081055,-57.35700607299805
4963.28857421875,504.7439270019531,2896.3671875,-0.2077026516199112,4.306543350219727,-57.33348083496094
4963.63671875,504.7752380371094,2896.143310546875,-0.2158811092376709,4.307478904724121,-57.35673522949219
4963.98291015625,504.8062744140625,2895.921875,-0.2233886569738388,4.311495304107666,-57.33256530761719
4964.32763671875,504.8372497558594,2895.700439453125,-0.22616593539714813,4.316371917724609,-57.35572814941406
4964.6728515625,504.8680419921875,2895.483642578125,-0.23956292867660522,4.32339334487915,-57.53525924682617
4965.0205078125,504.89874267578125,2895.27490234375,-0.23748768866062164,4.329977512359619,-58.10508728027344
4965.36962890625,504.9292907714844,2895.072509765625,-0.2145080864429474,4.335899353027344,-58.78541564941406
4965.7177734375,504.9597473144531,2894.87060546875,-0.15924067795276642,4.341035842895508,-59.306928634643555
4966.064453125,504.990234375,2894.667724609375,-0.12002576142549515,4.3450517654418945,-59.4953556060791
4966.4091796875,505.02056884765625,2894.465576171875,-0.09713736921548843,4.3457417488098145,-59.6093692779541
4966.75439453125,505.0508728027344,2894.263916015625,-0.09347555786371231,4.344785690307617,-59.62422752380371
4967.10009765625,505.0811462402344,2894.06201171875,-0.09350588172674179,4.3424973487854,-59.66450881958008
4967.44482421875,505.1114196777344,2893.86083984375,-0.1004028171300888,4.339833736419678,-59.64787292480469
4967.7900390625,505.1416931152344,2893.658935546875,-0.09771721810102463,4.335489749908447,-59.67369842529297
4968.13525390625,505.1717529296875,2893.457763671875,-0.09643572568893433,4.320039749145508,-59.65102005004883
4968.48046875,505.20147705078125,2893.256103515625,-0.09216301888227463,4.2925004959106445,-59.674245834350586
4968.82568359375,505.2311096191406,2893.053466796875,-0.0920410230755806,4.262304306030273,-59.65047264099121
4969.171875,505.2607727050781,2892.850341796875,-0.09408581256866455,4.234198093414307,-59.673667907714844
4969.51904296875,505.2904052734375,2892.6474609375,-0.10601792484521866,4.204848766326904,-59.650691986083984
4969.8671875,505.3201904296875,2892.443603515625,-0.11691261827945709,4.175553798675537,-59.67407035827637
4970.21728515625,505.3499755859375,2892.2392578125,-0.12945568561553955,4.147229194641113,-59.65123748779297
4970.56787109375,505.3797912597656,2892.03369140625,-0.12683109939098358,4.121424674987793,-59.673301696777344
4970.92041015625,505.4085693359375,2891.827392578125,-0.12109368294477463,4.0760722160339355,-59.65093421936035
4971.27392578125,505.4367980957031,2891.619873046875,-0.12066635489463806,4.014955520629883,-59.67291069030762
4971.63037109375,505.46484375,2891.411376953125,-0.1259154975414276,3.9507176876068115,-59.650691986083984
4971.98876953125,505.4929504394531,2891.201904296875,-0.1352234035730362,3.8883309364318848,-59.672760009765625
4972.34912109375,505.5212707519531,2890.990966796875,-0.1469116359949112,3.8280749320983887,-59.65102577209473
4972.7119140625,505.5498352050781,2890.778076171875,-0.151824951171875,3.7698612213134766,-59.67266082763672
4973.078125,505.5787048339844,2890.56396484375,-0.15548689663410187,3.713279962539673,-59.651052474975586
4973.44677734375,505.60699462890625,2890.34765625,-0.1431884467601776,3.674436569213867,-59.67131805419922
4973.8212890625,505.63397216796875,2890.133056640625,-0.1544494777917862,3.6330525875091553,-59.861228942871094
4974.2021484375,505.66058349609375,2889.92431640625,-0.16302496194839478,3.586252212524414,-60.45461463928223
4974.58935546875,505.6871337890625,2889.719970703125,-0.14974980056285858,3.538290500640869,-61.18307876586914
4974.982421875,505.7138671875,2889.51953125,-0.11868281662464142,3.480602741241455,-62.02943229675293
4975.3828125,505.7403869628906,2889.322998046875,-0.0811157301068306,3.391339063644409,-62.87324523925781
4975.787109375,505.76690673828125,2889.125,-0.01727290451526642,3.291433811187744,-63.479631423950195
4976.1953125,505.79327392578125,2888.924072265625,0.027544230222702026,3.20816707611084,-63.71529006958008
4976.60888671875,505.819091796875,2888.72021484375,0.05423995479941368,3.1599936485290527,-63.8442325592041
4977.02734375,505.84490966796875,2888.5146484375,0.0659484937787056,3.119490623474121,-63.873985290527344
4977.45068359375,505.8704528808594,2888.306884765625,0.07121817767620087,3.047083854675293,-63.91237449645996
4977.87939453125,505.8952941894531,2888.096923828125,0.07396348565816879,2.97564697265625,-63.90446853637695
4978.314453125,505.9195861816406,2887.8837890625,0.07771577686071396,2.9215450286865234,-63.92506980895996
4978.75439453125,505.944091796875,2887.66845703125,0.07999870926141739,2.869457960128784,-63.91041946411133
4979.20068359375,505.9689025878906,2887.449951171875,0.0829261839389801,2.8182930946350098,-63.926591873168945
4979.65234375,505.9935302734375,2887.228759765625,0.07872529327869415,2.7343978881835938,-63.91176223754883
4980.11083984375,506.017333984375,2887.00439453125,0.07708889991044998,2.6527018547058105,-63.925893783569336
4980.576171875,506.04052734375,2886.77685546875,0.07563246041536331,2.5927600860595703,-63.91265106201172
4981.04833984375,506.06378173828125,2886.545654296875,0.07834897190332413,2.5378453731536865,-63.92518997192383
4981.52734375,506.0872802734375,2886.311279296875,0.07680478692054749,2.478757381439209,-63.91353416442871
4982.01416015625,506.1104431152344,2886.072998046875,0.07194884866476059,2.3808467388153076,-63.92335891723633
4982.50927734375,506.132568359375,2885.83154296875,0.06931068748235703,2.304935932159424,-63.914329528808594
4983.01171875,506.1541748046875,2885.5859375,0.06952278316020966,2.243443727493286,-63.92186164855957
4983.5224609375,506.1760559082031,2885.33642578125,0.07002899050712585,2.1838436126708984,-63.91509437561035
4984.041015625,506.197998046875,2885.083251953125,0.06751331686973572,2.1072020530700684,-63.92000389099121
4984.56689453125,506.2191162109375,2884.825439453125,0.05910028889775276,2.0331969261169434,-63.91588592529297
4985.10205078125,506.23944091796875,2884.563720703125,0.049866583198308945,1.982107162475586,-63.918691635131836
4985.6455078125,506.2592468261719,2884.298095703125,0.04581046104431152,1.9091812372207642,-63.9161262512207
4986.19775390625,506.2789306640625,2884.02783203125,0.03818104788661003,1.8224719762802124,-63.917137145996094
4986.7578125,506.29815673828125,2883.75341796875,0.02587861940264702,1.7274093627929688,-63.91557693481445
4987.3271484375,506.31640625,2883.474609375,0.01528231706470251,1.6354477405548096,-63.91533851623535
4987.90478515625,506.3342590332031,2883.19189453125,0.005354685243219137,1.5471060276031494,-63.914358139038086
4988.49169921875,506.3509521484375,2882.904541015625,-0.0024719364009797573,1.4535051584243774,-63.91374588012695
4989.0869140625,506.3672180175781,2882.613037109375,-0.010894781909883022,1.3635241985321045,-63.9130744934082
4989.69091796875,506.3822021484375,2882.3173828125,-0.015808111056685448,1.2741785049438477,-63.912614822387695
4990.30322265625,506.3965759277344,2882.017822265625,-0.0238647423684597,1.1790271997451782,-63.91231155395508
4990.9248046875,506.409912109375,2881.713623046875,-0.028778037056326866,1.0793064832687378,-63.91206741333008
4991.5546875,506.4222106933594,2881.405029296875,-0.033996570855379105,0.981423020362854,-63.911916732788086
4992.19287109375,506.43359375,2881.092529296875,-0.030364971607923508,0.8799537420272827,-63.911643981933594
4992.84033203125,506.4436950683594,2880.775146484375,-0.0344238243997097,0.7784776091575623,-63.9114875793457
4993.49609375,506.4527893066406,2880.4541015625,-0.0296630822122097,0.6784153580665588,-63.91143035888672
4994.16259765625,506.46051025390625,2880.133056640625,-0.06265255808830261,0.5769460201263428,-64.1780014038086
4994.841796875,506.46728515625,2879.818603515625,-0.10989377647638321,0.4815829396247864,-64.93001365661621
4995.53369140625,506.4729919433594,2879.510498046875,-0.1522216647863388,0.4019292891025543,-65.9750862121582
4996.23876953125,506.47802734375,2879.210205078125,-0.1845703125,0.3435721695423126,-67.1950855255127
4996.95849609375,506.4822692871094,2878.9189453125,-0.213958740234375,0.31607380509376526,-68.5210075378418
4997.69189453125,506.4861145019531,2878.638427734375,-0.2424926459789276,0.3083078861236572,-69.91196250915527
4998.4375,506.48968505859375,2878.364013671875,-0.2252807766199112,0.3166680335998535,-70.97704696655273
4999.1943359375,506.4933166503906,2878.092041015625,-0.19305419921875,0.3275143802165985,-71.57781600952148
4999.96337890625,506.49713134765625,2877.823486328125,-0.172027587890625,0.3357652425765991,-71.91789817810059
5000.7431640625,506.5011291503906,2877.557861328125,-0.1575317084789276,0.342288076877594,-72.11122703552246
5001.53369140625,506.5052490234375,2877.292724609375,-0.14263916015625,0.3459422290325165,-72.2214241027832
5002.33447265625,506.5095520019531,2877.029052734375,-0.1274413913488388,0.34836694598197937,-72.28462600708008
5003.14599609375,506.5140075683594,2876.7646484375,-0.11151123046875,0.34997203946113586,-72.32109260559082
5003.966796875,506.51849365234375,2876.499267578125,-0.0975951999425888,0.35243773460388184,-72.34227752685547
5004.796875,506.5231018066406,2876.232421875,-0.082366943359375,0.35574355721473694,-72.35466384887695
5005.63623046875,506.5278015136719,2875.963134765625,-0.069610595703125,0.35659733414649963,-72.36192893981934
5006.4853515625,506.53253173828125,2875.69189453125,-0.059692367911338806,0.3567885756492615,-72.36623001098633
5007.34375,506.53741455078125,2875.41845703125,-0.0511169396340847,0.35608506202697754,-72.36876487731934
5008.2109375,506.5422668457031,2875.14208984375,-0.0432434007525444,0.3551151752471924,-72.37023162841797
5009.08740234375,506.5471496582031,2874.86328125,-0.039093017578125,0.35464388132095337,-72.37111473083496
5009.97314453125,506.55206298828125,2874.58154296875,-0.0342712365090847,0.35404282808303833,-72.3715705871582
5010.8671875,506.5570983886719,2874.297119140625,-0.0303955078125,0.35410431027412415,-72.37178611755371
5011.7705078125,506.5621643066406,2874.010009765625,-0.030426019802689552,0.3547395169734955,-72.37187957763672
5012.68408203125,506.5672607421875,2873.725341796875,-0.06298825889825821,0.3553064167499542,-72.65032196044922
5013.60888671875,506.5723571777344,2873.44921875,-0.11712643504142761,0.35407698154449463,-73.4481372833252
5014.54541015625,506.57757568359375,2873.183349609375,-0.1668090671300888,0.353605717420578,-74.5906810760498
5015.4921875,506.5828552246094,2872.922119140625,-0.1659545749425888,0.35445263981819153,-75.58725833892822
5016.4501953125,506.5881652832031,2872.6640625,-0.1498413234949112,0.35564109683036804,-76.21079444885254
5017.41943359375,506.5935363769531,2872.41064453125,-0.144805908203125,0.3564060926437378,-76.60395240783691
5018.3984375,506.59893798828125,2872.1611328125,-0.1414794921875,0.35491710901260376,-76.85288429260254
5019.38818359375,506.6044006347656,2871.915771484375,-0.1382141262292862,0.35400867462158203,-77.01117992401123
5020.38818359375,506.60986328125,2871.67333984375,-0.133758544921875,0.35373547673225403,-77.11207103729248
5021.3984375,506.6153869628906,2871.432373046875,-0.1238098070025444,0.3543297052383423,-77.17661571502686
5022.41845703125,506.6210021972656,2871.193115234375,-0.11495969444513321,0.35543620586395264,-77.21809005737305
5023.4482421875,506.6266784667969,2870.95361328125,-0.1033630222082138,0.3561328649520874,-77.2447919845581
5024.486328125,506.63232421875,2870.71435546875,-0.09341428428888321,0.356201171875,-77.26209545135498
5025.53466796875,506.63800048828125,2870.473388671875,-0.0825500413775444,0.3522738218307495,-77.27329540252686
5026.591796875,506.6436462402344,2870.232177734375,-0.0722045749425888,0.34200119972229004,-77.28049850463867
5027.65478515625,506.6490783691406,2869.989990234375,-0.062469467520713806,0.3202538788318634,-77.28501415252686
5028.71826171875,506.65423583984375,2869.753662109375,-0.0882263034582138,0.2857750952243805,-77.56089305877686
5029.77783203125,506.6589050292969,2869.53076171875,-0.135955810546875,0.2378203421831131,-78.3421459197998
5030.8291015625,506.6629638671875,2869.31591796875,-0.1392211765050888,0.19227664172649384,-79.12321281433105
5031.8701171875,506.66656494140625,2869.107177734375,-0.1249999925494194,0.14962895214557648,-79.6348123550415
5032.8984375,506.66937255859375,2868.9052734375,-0.11724851280450821,0.11277324706315994,-79.97484016418457
5033.9140625,506.6716613769531,2868.7119140625,-0.1146545484662056,0.07369090616703033,-80.2020092010498
5034.9150390625,506.6734619140625,2868.525634765625,-0.11215207725763321,0.03297615051269531,-80.35493755340576
5035.90234375,506.6747131347656,2868.346435546875,-0.1087951585650444,-0.0036609810777008533,-80.45915508270264
5036.87451171875,506.6753845214844,2868.173583984375,-0.1023254320025444,-0.03686252981424332,-80.53065776824951
5037.83251953125,506.675537109375,2868.011474609375,-0.12390134483575821,-0.068144790828228,-80.83543682098389
5038.7763671875,506.67529296875,2867.8642578125,-0.1683349460363388,-0.09784245491027832,-81.6067123413086
5039.7060546875,506.6745910644531,2867.7333984375,-0.206878662109375,-0.12518370151519775,-82.69139909744263
5040.6220703125,506.6734924316406,2867.619384765625,-0.2385864406824112,-0.1508788764476776,-83.9740252494812
5041.52392578125,506.6720886230469,2867.5234375,-0.271148681640625,-0.17678578197956085,-85.37734794616699
5042.41259765625,506.6702575683594,2867.447021484375,-0.3023681342601776,-0.20062313973903656,-86.85195875167847
5043.28662109375,506.6681823730469,2867.391845703125,-0.3343200385570526,-0.2231149524450302,-88.36492908000946
5044.14599609375,506.665771484375,2867.361572265625,-0.3888854384422302,-0.24594826996326447,-90.08595981448889
5044.98779296875,506.6631164550781,2867.360595703125,-0.45812973380088806,-0.2684059143066406,-92.17561388015747
5045.8115234375,506.66015625,2867.389404296875,-0.5205077528953552,-0.2900712788105011,-94.51456308364868
5046.6171875,506.6570129394531,2867.448486328125,-0.5751952528953552,-0.311524897813797,-97.01050043106079
5047.40283203125,506.65362548828125,2867.538330078125,-0.6260680556297302,-0.33254823088645935,-99.59964084625244
5048.16796875,506.6500549316406,2867.658935546875,-0.6700133681297302,-0.3522055149078369,-102.23821258544922
5048.91015625,506.6462707519531,2867.809326171875,-0.7112427353858948,-0.36971810460090637,-104.8963041305542
5049.6279296875,506.642333984375,2867.99169921875,-0.7654112577438354,-0.3890065848827362,-107.68741035461426
5050.31591796875,506.6382751464844,2868.2080078125,-0.8312683701515198,-0.40761885046958923,-110.7343578338623
5050.9736328125,506.6341247558594,2868.456298828125,-0.887908935546875,-0.42446890473365784,-113.95538902282715
5051.59912109375,506.6299133300781,2868.73486328125,-0.937591552734375,-0.43957045674324036,-117.28175354003906
5052.197265625,506.6256103515625,2869.036865234375,-0.9257508516311646,-0.45165306329727173,-120.26561546325684
5052.77880859375,506.6211242675781,2869.348388671875,-0.821746826171875,-0.46231499314308167,-122.0797233581543
5053.34130859375,506.61651611328125,2869.669189453125,-0.7333067655563354,-0.4746093153953552,-123.06818008422852
5053.88671875,506.61181640625,2869.997314453125,-0.6559142470359802,-0.48803746700286865,-123.59496688842773
5054.41748046875,506.607177734375,2870.329833984375,-0.5908812880516052,-0.49990835785865784,-123.86921310424805
5054.93505859375,506.6024169921875,2870.6630859375,-0.523956298828125,-0.5115060210227966,-124.00327682495117
5055.4404296875,506.5975646972656,2870.995849609375,-0.4606322944164276,-0.5223933458328247,-124.07452774047852
5055.93603515625,506.59271240234375,2871.325439453125,-0.4000854194164276,-0.5289298295974731,-124.09857177734375
5056.42236328125,506.587890625,2871.65185546875,-0.3419188857078552,-0.5316140651702881,-124.12038040161133
5056.900390625,506.58306884765625,2871.9736328125,-0.2957763075828552,-0.5356370806694031,-124.1153450012207
5057.37109375,506.5783386230469,2872.290771484375,-0.2523498237133026,-0.5348584055900574,-124.1307144165039
5057.8349609375,506.5736083984375,2872.599365234375,-0.18487548828125,-0.532133162021637,-123.8825569152832
5058.296875,506.5689392089844,2872.89453125,-0.1038818210363388,-0.5333831310272217,-123.24595642089844
5058.75439453125,506.5643310546875,2873.177490234375,-0.037963856011629105,-0.5338407158851624,-122.37365341186523
5059.20849609375,506.5597839355469,2873.448974609375,0.0064682927913963795,-0.5302753448486328,-121.43731689453125
5059.6591796875,506.5555114746094,2873.7080078125,0.0426068939268589,-0.5263957977294922,-120.43480491638184
5060.10595703125,506.55120849609375,2873.95556640625,0.07410921156406403,-0.5233154296875,-119.45477294921875
5060.55126953125,506.54705810546875,2874.187744140625,0.1276286095380783,-0.5204740762710571,-118.24307060241699
5060.99462890625,506.5428771972656,2874.399658203125,0.19285662472248077,-0.5167174339294434,-116.71238136291504
5061.43505859375,506.5389099121094,2874.59375,0.2408810704946518,-0.5160480737686157,-114.98309707641602
5061.87158203125,506.5350036621094,2874.778076171875,0.21978281438350677,-0.5145249366760254,-113.63911819458008
5062.30029296875,506.53125,2874.961181640625,0.15446478128433228,-0.5137258172035217,-112.97270393371582
5062.7216796875,506.5274353027344,2875.139892578125,0.10916569828987122,-0.5125715136528015,-112.69692993164062
5063.13671875,506.52374267578125,2875.31494140625,0.08346807211637497,-0.5117109417915344,-112.54142951965332
5063.54541015625,506.5201416015625,2875.48583984375,0.06415481120347977,-0.5109869241714478,-112.50119400024414
5063.947265625,506.5166015625,2875.653076171875,0.05136199668049812,-0.5103175640106201,-112.45101737976074
5064.3427734375,506.5130615234375,2875.81689453125,0.040925320237874985,-0.5097643136978149,-112.46043586730957
5064.73095703125,506.5096435546875,2875.97802734375,0.033413782715797424,-0.5091837644577026,-112.43106269836426
5065.11279296875,506.50628662109375,2876.135498046875,0.025470489636063576,-0.5080567598342896,-112.45136451721191
5065.48828125,506.5029602050781,2876.291259765625,0.020575955510139465,-0.5071961879730225,-112.42635726928711
5065.85693359375,506.4996643066406,2876.443603515625,0.01514712255448103,-0.5062194466590881,-112.44968223571777
5066.2197265625,506.4964599609375,2876.593017578125,0.01016333606094122,-0.5053656697273254,-112.4243221282959
5066.576171875,506.49334716796875,2876.740478515625,0.00751878134906292,-0.5044572353363037,-112.44947242736816
5066.9267578125,506.490234375,2876.88525390625,0.0067711337469518185,-0.5041772127151489,-112.42429542541504
5067.271484375,506.4871520996094,2877.02734375,0.003995787817984819,-0.5028316974639893,-112.45017623901367
5067.6103515625,506.484130859375,2877.16748046875,0.003505789441987872,-0.5026267766952515,-112.42422103881836
5067.94384765625,506.481201171875,2877.30517578125,0.0018227699911221862,-0.502223789691925,-112.45088005065918
5068.27197265625,506.478271484375,2877.44091796875,0.0003368932520970702,-0.5008782148361206,-112.42380332946777
5068.5947265625,506.4754638671875,2877.573974609375,0.0006420888821594417,-0.4997239410877228,-112.45023727416992
5068.91259765625,506.47265625,2877.705810546875,0.0004722681187558919,-0.4992048442363739,-112.42220878601074
5069.2255859375,506.4698791503906,2877.834716796875,-6.103377745603211e-05,-0.49798905849456787,-112.4500675201416
5069.5341796875,506.4671325683594,2877.96240234375,0.000387447711545974,-0.49725139141082764,-112.42194175720215
5069.837890625,506.46441650390625,2878.087646484375,0.0001860362390289083,-0.4960014820098877,-112.450439453125
5070.1376953125,506.4617919921875,2878.2119140625,6.743062840541825e-05,-0.4953867495059967,-112.42244148254395
5070.43310546875,506.4591979980469,2878.333740234375,-0.00045776640763506293,-0.4945603013038635,-112.45119857788086
5070.72509765625,506.4566345214844,2878.454345703125,0.0014896768843755126,-0.4936860501766205,-112.42226600646973
5071.01318359375,506.45404052734375,2878.57275390625,-0.0003051619860343635,-0.4927639663219452,-112.45155715942383
5071.296875,506.4515075683594,2878.690185546875,0.00128739804495126,-0.49242928624153137,-112.4212760925293
5071.5771484375,506.448974609375,2878.8056640625,0.0009408732294104993,-0.49188289046287537,-112.45064544677734
5071.8544921875,506.44659423828125,2878.920166015625,0.0015313457697629929,-0.49090614914894104,-112.42128372192383
5072.1279296875,506.4441833496094,2879.03271484375,0.0004808322119060904,-0.49029144644737244,-112.4517593383789
5072.39794921875,506.4417724609375,2879.14453125,0.000717109243851155,-0.48947182297706604,-112.42063903808594
5072.666015625,506.43939208984375,2879.254638671875,-0.00021361125982366502,-0.4889800548553467,-112.45142555236816
5072.93017578125,506.43707275390625,2879.3642578125,0.0021680034697055817,-0.4881536066532135,-112.42156410217285
5073.1923828125,506.4347229003906,2879.471923828125,0.0010209166212007403,-0.4869309961795807,-112.45170974731445
5073.45166015625,506.432373046875,2879.5791015625,0.0016080603236332536,-0.4857425391674042,-112.42107772827148
5073.70849609375,506.4301452636719,2879.684814453125,0.0008445258135907352,-0.48568105697631836,-112.45229148864746
5073.962890625,506.42791748046875,2879.7900390625,0.0008276363369077444,-0.4843081831932068,-112.42185974121094
5074.2158203125,506.4256896972656,2879.89404296875,0.00035796398879028857,-0.4831812083721161,-112.45210838317871
5074.4658203125,506.4234924316406,2879.997314453125,0.0007053753361105919,-0.48233428597450256,-112.42180824279785
5074.71484375,506.4212646484375,2880.099853515625,-0.0006713831680826843,-0.48108434677124023,-112.45376396179199
5074.9619140625,506.4190368652344,2880.201904296875,-0.0003356848901603371,-0.4803808331489563,-112.42200469970703
5075.20703125,506.4169006347656,2880.302978515625,-0.00036620834725908935,-0.4799778461456299,-112.45309066772461
5075.45068359375,506.4147033691406,2880.404052734375,0.0021689876448363066,-0.479458749294281,-112.42230415344238
5075.69287109375,506.4125671386719,2880.503662109375,0.0021578813903033733,-0.47851619124412537,-112.45366096496582
5075.93408203125,506.4104309082031,2880.60400390625,0.001212820876389742,-0.4777170717716217,-112.42242813110352
5076.1748046875,506.40826416015625,2880.703125,0.0015392069472000003,-0.4763168692588806,-112.45380973815918
5076.4140625,506.4061279296875,2880.8017578125,0.0013580471277236938,-0.47613245248794556,-112.42279052734375
5076.6533203125,506.404052734375,2880.89990234375,0.00058178004110232,-0.4756133556365967,-112.45352745056152
5076.8916015625,506.4019775390625,2880.998779296875,9.635299647925422e-05,-0.4748825430870056,-112.42321014404297
5077.12890625,506.39984130859375,2881.096923828125,3.0029843401280232e-05,-0.47344136238098145,-112.4537582397461
5077.3662109375,506.39776611328125,2881.195556640625,0.0004141877288930118,-0.4735642969608307,-112.42306327819824
5077.60400390625,506.3955993652344,2881.293701171875,0.0005299646290950477,-0.4728334844112396,-112.45331382751465
5077.84130859375,506.39349365234375,2881.392333984375,0.0011870923917740583,-0.4720138609409332,-112.4224624633789
5078.0791015625,506.3914489746094,2881.490478515625,0.0010346084600314498,-0.4707639217376709,-112.4533805847168
5078.31689453125,506.3893127441406,2881.58935546875,0.0011314814910292625,-0.469698429107666,-112.42256164550781
5078.5556640625,506.3871765136719,2881.6875,0.0019098154734820127,-0.4688446521759033,-112.45370864868164
5078.794921875,506.38507080078125,2881.7861328125,0.0010229882318526506,-0.4675605595111847,-112.4232234954834
5079.03564453125,506.3829650878906,2881.88525390625,0.001471267663873732,-0.4673420190811157,-112.4540843963623
5079.27685546875,506.3807678222656,2881.985595703125,0.0018109604716300964,-0.46633797883987427,-112.42350387573242
5079.51953125,506.3786315917969,2882.085205078125,0.000372617767425254,-0.46551835536956787,-112.45362663269043
5079.763671875,506.37646484375,2882.186279296875,0.0003647601115517318,-0.4652383029460907,-112.42324447631836
5080.00927734375,506.37432861328125,2882.287353515625,0.00036118479329161346,-0.46481484174728394,-112.45362663269043
5080.25634765625,506.37213134765625,2882.3896484375,0.0008360519423149526,-0.4645962715148926,-112.42313766479492
5080.50537109375,506.3699035644531,2882.492431640625,-3.052340980502777e-05,-0.4644801616668701,-112.45296096801758
5080.75634765625,506.36767578125,2882.59619140625,0.0017864459659904242,-0.46273162961006165,-112.42335510253906
5081.009765625,506.36541748046875,2882.700439453125,0.0017221240559592843,-0.4621579051017761,-112.4529914855957
5081.26513671875,506.3631591796875,2882.806396484375,0.0021075685508549213,-0.46157732605934143,-112.42390823364258
5081.5234375,506.36083984375,2882.912841796875,0.0018888950580731034,-0.4608738124370575,-112.45281028747559
5081.78466796875,506.3584899902344,2883.020751953125,0.0016063135117292404,-0.46045035123825073,-112.42396926879883
5082.04833984375,506.3561706542969,2883.129638671875,0.001487001427449286,-0.460013210773468,-112.4527473449707
5082.3154296875,506.3537902832031,2883.240234375,0.001197856036014855,-0.4585857093334198,-112.4240894317627
5082.5849609375,506.3514099121094,2883.3515625,0.000592597818467766,-0.45809394121170044,-112.45268630981445
5082.8583984375,506.34893798828125,2883.464599609375,0.00234903278760612,-0.4571240544319153,-112.42459678649902
5083.1357421875,506.346435546875,2883.57861328125,0.0032999927643686533,-0.4560243785381317,-112.45241737365723
5083.41650390625,506.34393310546875,2883.69482421875,0.003638017224147916,-0.4545627236366272,-112.42482566833496
5083.701171875,506.3414001464844,2883.81201171875,0.0038983456324785948,-0.45382505655288696,-112.4522933959961
5083.9912109375,506.3388671875,2883.928466796875,0.028948327526450157,-0.45349037647247314,-112.24671363830566
5084.28759765625,506.3362731933594,2884.03955078125,0.0655178353190422,-0.45290982723236084,-111.8050651550293
5084.587890625,506.3336181640625,2884.15283203125,0.0562281496822834,-0.4506831765174866,-111.4356746673584
5084.89208984375,506.3309020996094,2884.269287109375,0.034750279039144516,-0.4496791362762451,-111.33468437194824
5085.20068359375,506.32818603515625,2884.389404296875,0.022682558745145798,-0.4484497010707855,-111.26095008850098
5085.5146484375,506.3254699707031,2884.510986328125,0.018573421984910965,-0.44711780548095703,-111.26833724975586
5085.83349609375,506.3226013183594,2884.63525390625,0.016708100214600563,-0.4454922378063202,-111.23602485656738
5086.15771484375,506.3197021484375,2884.760986328125,0.01666921190917492,-0.4450756013393402,-111.25825881958008
5086.4873046875,506.3167724609375,2884.889404296875,0.017235999926924706,-0.4445769786834717,-111.2326717376709
5086.82275390625,506.3138427734375,2885.019287109375,0.018391169607639313,-0.44424229860305786,-111.25615692138672
5087.1640625,506.3108825683594,2885.15234375,0.017810583114624023,-0.4429650604724884,-111.23187065124512
5087.51123046875,506.30780029296875,2885.287109375,0.017467807978391647,-0.4422547221183777,-111.2552490234375
5087.86474609375,506.3046875,2885.425048828125,0.01928863301873207,-0.4421044588088989,-111.23230361938477
5088.22509765625,506.3015441894531,2885.564697265625,0.018572593107819557,-0.44069743156433105,-111.2551326751709
5088.59130859375,506.2982177734375,2885.707763671875,0.01949937455356121,-0.43963193893432617,-111.23283767700195
5088.96484375,506.294921875,2885.852783203125,0.019270874559879303,-0.4382932186126709,-111.25481224060059
5089.3447265625,506.2915954589844,2886.0009765625,0.01978488266468048,-0.43646273016929626,-111.2333927154541
5089.732421875,506.2881774902344,2886.151123046875,0.020632848143577576,-0.43524011969566345,-111.25430107116699
5090.126953125,506.28466796875,2886.304931640625,0.019779333844780922,-0.43459808826446533,-111.23388671875
5090.52880859375,506.2811584472656,2886.4609375,0.020490359514951706,-0.43405166268348694,-111.25382041931152
5090.93798828125,506.27752685546875,2886.62060546875,0.02034471184015274,-0.4330134689807892,-111.23473167419434
5091.35498046875,506.2738037109375,2886.78271484375,0.02027788572013378,-0.43182501196861267,-111.25346183776855
5091.7802734375,506.2701110839844,2886.94873046875,0.02191764861345291,-0.43088245391845703,-111.23541641235352
5092.21484375,506.2662658691406,2887.1171875,0.022914959117770195,-0.42968717217445374,-111.25271034240723
5092.65673828125,506.2623596191406,2887.289306640625,0.02475862018764019,-0.4286148250102997,-111.23581886291504
5093.10791015625,506.2583923339844,2887.46435546875,0.024662615731358528,-0.42685264348983765,-111.25178146362305
5093.56787109375,506.2542724609375,2887.643310546875,0.026062792167067528,-0.42535001039505005,-111.23649406433105
5094.03662109375,506.25018310546875,2887.825439453125,0.026531966403126717,-0.4233624339103699,-111.25075149536133
5094.5146484375,506.2459411621094,2888.01171875,0.026734517887234688,-0.4233624339103699,-111.23762893676758
5095.00244140625,506.2416687011719,2888.200927734375,0.02740461193025112,-0.4223925471305847,-111.24934959411621
5095.5,506.2373352050781,2888.394287109375,0.027350205928087234,-0.4214089810848236,-111.23923873901367
5096.0078125,506.23284912109375,2888.591552734375,0.027081381529569626,-0.4200429618358612,-111.24786758422852
5096.5263671875,506.228271484375,2888.792724609375,0.027348080649971962,-0.4186086058616638,-111.24065589904785
5097.0546875,506.22357177734375,2888.998046875,0.02801675722002983,-0.4176660478115082,-111.24625396728516
5097.5927734375,506.2189025878906,2889.207763671875,0.02801189199090004,-0.4165937006473541,-111.2419204711914
5098.14208984375,506.2140197753906,2889.42138671875,0.028795743361115456,-0.415678471326828,-111.24519729614258
5098.69873046875,506.2091369628906,2889.643798828125,-0.0057678199373185635,-0.4160473048686981,-111.50554275512695
5099.263671875,506.2041320800781,2889.872802734375,-0.01907348819077015,-0.4172084331512451,-111.87146186828613
5099.83837890625,506.1990661621094,2890.105224609375,-0.005950926337391138,-0.4166278541088104,-112.0406494140625
5100.4228515625,506.19384765625,2890.342041015625,0.0031277956441044807,-0.4168054461479187,-112.1207160949707
5101.01708984375,506.1885681152344,2890.582763671875,0.007482289336621761,-0.4168054461479187,-112.15835762023926
5101.62060546875,506.1833190917969,2890.82763671875,0.010328379459679127,-0.41665518283843994,-112.17666053771973
5102.2333984375,506.1778259277344,2891.077392578125,0.013156246393918991,-0.41729721426963806,-112.1855411529541
5102.85546875,506.17230224609375,2891.330810546875,0.0154032027348876,-0.41925063729286194,-112.18997001647949
5103.4873046875,506.1666564941406,2891.58837890625,0.020122649148106575,-0.42218080163002014,-112.19217681884766
5104.1279296875,506.1609191894531,2891.849609375,0.02118973433971405,-0.4270029067993164,-112.19330978393555
5104.7783203125,506.155029296875,2892.114990234375,0.023204738274216652,-0.4315791428089142,-112.19388580322266
5105.43798828125,506.1490173339844,2892.384033203125,0.025368601083755493,-0.4347893297672272,-112.19419288635254
5106.10693359375,506.1429138183594,2892.65673828125,0.028052091598510742,-0.44128483533859253,-112.19436264038086
5106.78271484375,506.1365661621094,2892.9384765625,-0.007904051803052425,-0.4487912058830261,-112.4650764465332
5107.462890625,506.1300354003906,2893.233154296875,-0.070220947265625,-0.4566322863101959,-113.22351837158203
5108.14697265625,506.1234130859375,2893.541748046875,-0.126861572265625,-0.4644801616668701,-114.2719841003418
5108.833984375,506.1166687011719,2893.8662109375,-0.17605586349964142,-0.4693295955657959,-115.48774147033691
5109.52685546875,506.10968017578125,2894.201171875,-0.1736144870519638,-0.4693295955657959,-116.43386840820312
5110.228515625,506.1026306152344,2894.543701171875,-0.1528930515050888,-0.4683801829814911,-116.9538688659668
5110.93603515625,506.0954895019531,2894.895263671875,-0.1380005031824112,-0.4678952395915985,-117.24134826660156
5111.650390625,506.0882568359375,2895.255126953125,-0.127532958984375,-0.46695268154144287,-117.40128326416016
5112.37255859375,506.0809326171875,2895.622802734375,-0.11791988462209702,-0.46627649664878845,-117.49088478088379
5113.1025390625,506.07342529296875,2895.9970703125,-0.10693359375,-0.4720480144023895,-117.54127883911133
5113.84033203125,506.0656433105469,2896.377685546875,-0.09616085886955261,-0.48483413457870483,-117.56980895996094
5114.58544921875,506.0577697753906,2896.764404296875,-0.08401487022638321,-0.4998127222061157,-117.58612251281738
5115.33935546875,506.0497131347656,2897.15625,-0.07376096397638321,-0.513759970664978,-117.5955810546875
5116.09912109375,506.0413513183594,2897.557861328125,-0.1019592210650444,-0.5185274481773376,-117.87565994262695
5116.8603515625,506.0328369140625,2897.973876953125,-0.16046142578125,-0.5192514657974243,-118.65902137756348
5117.6279296875,506.0241394042969,2898.399658203125,-0.1672363430261612,-0.5178853869438171,-119.39766883850098
5118.40283203125,506.0153503417969,2898.831787109375,-0.150390625,-0.5167515873908997,-119.83169364929199
5119.1845703125,506.0064697265625,2899.272705078125,-0.139373779296875,-0.5156860947608948,-120.08834838867188
5119.97265625,505.99749755859375,2899.721923828125,-0.13360595703125,-0.5147640109062195,-120.24104309082031
5120.7685546875,505.98846435546875,2900.177734375,-0.1284790188074112,-0.5144020318984985,-120.33245086669922
5121.5703125,505.9792175292969,2900.64111328125,-0.1225585862994194,-0.5220928192138672,-120.38731575012207
5122.38037109375,505.96978759765625,2901.111083984375,-0.11383056640625,-0.5336631536483765,-120.42052459716797
5123.197265625,505.9601745605469,2901.587158203125,-0.1056823581457138,-0.5477265119552612,-120.44078254699707
5124.0224609375,505.9502258300781,2902.069091796875,-0.096343994140625,-0.5577327013015747,-120.45335388183594
5124.85498046875,505.94000244140625,2902.55712890625,-0.08670041710138321,-0.5646039247512817,-120.46121788024902
5125.69580078125,505.9295349121094,2903.05029296875,-0.07766725867986679,-0.5712565183639526,-120.4661636352539
5126.5458984375,505.9188232421875,2903.54833984375,-0.07064815610647202,-0.577424168586731,-120.46927070617676
5127.40380859375,505.9078674316406,2904.052001953125,-0.0658264085650444,-0.5831615328788757,-120.47125053405762
5128.26904296875,505.8968200683594,2904.560791015625,-0.058807358145713806,-0.5874303579330444,-120.47252464294434
5129.142578125,505.8855895996094,2905.07470703125,-0.0535888597369194,-0.5919792652130127,-120.47334861755371
5130.025390625,505.87408447265625,2905.59326171875,-0.0490417405962944,-0.5945132970809937,-120.47392845153809
5130.916015625,505.8625183105469,2906.1171875,-0.045166015625,-0.5971360802650452,-120.47433280944824
5131.814453125,505.8507995605469,2906.645751953125,-0.040832504630088806,-0.5972043871879578,-120.474609375
5132.720703125,505.8388977050781,2907.178955078125,-0.0364074669778347,-0.5964667201042175,-120.47482299804688
5133.6357421875,505.82757568359375,2907.717041015625,-0.1224365085363388,-0.5582859516143799,-120.4351921081543
5134.5625,505.8166809082031,2908.252685546875,-0.174560546875,-0.5136028528213501,-119.98333740234375
5135.50341796875,505.80322265625,2908.77783203125,0.13741444051265717,-0.6020538210868835,-118.93775367736816
5136.4609375,505.786865234375,2909.289306640625,0.762554407119751,-0.8328800797462463,-117.62407875061035
5137.4365234375,505.7710876464844,2909.78857421875,1.0994645357131958,-0.9016327261924744,-116.22636032104492
5138.42919921875,505.7561950683594,2910.2734375,1.254054069519043,-0.7630891799926758,-114.80520629882812
5139.43603515625,505.7394104003906,2910.74609375,1.5056809186935425,-0.49294838309288025,-113.7245044708252
5140.44482421875,505.72576904296875,2911.211181640625,1.455188274383545,-0.3893139362335205,-113.08806419372559
5141.4521484375,505.7155456542969,2911.66650390625,1.230607032775879,-0.41925063729286194,-112.68749237060547
5142.45361328125,505.70611572265625,2912.109619140625,1.0115455389022827,-0.4742063581943512,-112.42145729064941
5143.447265625,505.6966552734375,2912.541259765625,0.8278138041496277,-0.5270378589630127,-112.23877143859863
5144.431640625,505.6868896484375,2912.96142578125,0.6828446388244629,-0.57118821144104,-112.11058044433594
5145.40478515625,505.6768493652344,2913.37158203125,0.5691124200820923,-0.6040346026420593,-112.01923942565918
5146.36572265625,505.6665954589844,2913.771728515625,0.47634947299957275,-0.6294838786125183,-111.95377922058105
5147.3134765625,505.6561279296875,2914.1630859375,0.4008248746395111,-0.6481575965881348,-111.9066333770752
5148.24853515625,505.64569091796875,2914.54638671875,0.33999738097190857,-0.6636347770690918,-111.87264633178711
5149.1689453125,505.63519287109375,2914.921875,0.2897952198982239,-0.6752597689628601,-111.84807968139648
5150.07568359375,505.624755859375,2915.289306640625,0.25109997391700745,-0.6841390132904053,-111.83034706115723
5150.96875,505.61444091796875,2915.650634765625,0.21815139055252075,-0.6906687021255493,-111.81758117675781
5151.84814453125,505.6041259765625,2916.0048828125,0.19142545759677887,-0.6950058341026306,-111.80843162536621
5152.71337890625,505.5940246582031,2916.352783203125,0.16822975873947144,-0.6963241100311279,-111.80183982849121
5153.5654296875,505.58404541015625,2916.69482421875,0.1493293046951294,-0.6968363523483276,-111.7971076965332
5154.4033203125,505.57415771484375,2917.03125,0.13281181454658508,-0.6973281502723694,-111.79370880126953
5155.2275390625,505.5644836425781,2917.361572265625,0.11858537793159485,-0.698359489440918,-111.7912712097168
5156.0390625,505.5549011230469,2917.686767578125,0.10919471830129623,-0.7012691497802734,-111.78952598571777
5156.837890625,505.54547119140625,2918.006591796875,0.10108856856822968,-0.7026010155677795,-111.78830528259277
5157.62353515625,505.53619384765625,2918.3212890625,0.09039685130119324,-0.7028195858001709,-111.78744125366211
5158.3974609375,505.5270080566406,2918.630615234375,0.08329567313194275,-0.702300488948822,-111.78676795959473
5159.15966796875,505.5179138183594,2918.935302734375,0.07957346737384796,-0.7012349963188171,-111.7862720489502
5159.90966796875,505.5090026855469,2919.2353515625,0.07346832752227783,-0.7002241015434265,-111.78589248657227
5160.64892578125,505.5002136230469,2919.53125,0.06772548705339432,-0.7004085183143616,-111.78559112548828
5161.376953125,505.4915466308594,2919.822021484375,0.06444410234689713,-0.6988785862922668,-111.78536224365234
5162.0947265625,505.4830017089844,2920.109375,0.06307780742645264,-0.6975125670433044,-111.78518104553223
5162.80224609375,505.47454833984375,2920.391845703125,0.05965537577867508,-0.695224404335022,-111.78503227233887
5163.49951171875,505.4661865234375,2920.670166015625,0.05696823075413704,-0.6940633058547974,-111.784912109375
5164.1875,505.4580078125,2920.94482421875,0.05455685406923294,-0.693428099155426,-111.78480529785156
5164.86572265625,505.4499206542969,2921.216552734375,0.054152119904756546,-0.6923830509185791,-111.78470611572266
5165.53564453125,505.44189453125,2921.48388671875,0.05235551670193672,-0.690921425819397,-111.78461837768555
5166.1962890625,505.4339599609375,2921.748291015625,0.05228869989514351,-0.6895758509635925,-111.78452682495117
5166.849609375,505.4261474609375,2922.00927734375,0.048862356692552567,-0.6872262954711914,-111.78446388244629
5167.4951171875,505.41845703125,2922.26708984375,0.048740774393081665,-0.6856074929237366,-111.78444862365723
5168.13232421875,505.4108581542969,2922.521728515625,0.04909665510058403,-0.6836540699005127,-111.78443908691406
5168.76220703125,505.40325927734375,2922.7734375,0.04887270927429199,-0.6819465160369873,-111.78445053100586
5169.38427734375,505.3958435058594,2923.0224609375,0.049992211163043976,-0.6802594661712646,-111.78445434570312
5170.0,505.388427734375,2923.268310546875,0.0485430471599102,-0.6790368556976318,-111.78447532653809
5170.60888671875,505.3811950683594,2923.511474609375,0.04878561198711395,-0.6782582402229309,-111.7844467163086
5171.21142578125,505.3739318847656,2923.75244140625,0.04892688989639282,-0.6770629286766052,-111.7844467163086
5171.80810546875,505.3667907714844,2923.990966796875,0.04849784076213837,-0.6756286025047302,-111.78434562683105
5172.39892578125,505.3597412109375,2924.22705078125,0.04779723659157753,-0.6739142537117004,-111.78454971313477
5172.984375,505.35272216796875,2924.4609375,0.048373691737651825,-0.671967625617981,-111.78412055969238
5173.56396484375,505.34576416015625,2924.692626953125,0.048660438507795334,-0.6700347065925598,-111.78540802001953
5174.13671875,505.3388977050781,2924.927001953125,0.012361003085970879,-0.6691262722015381,-112.04023742675781
5174.69970703125,505.3320617675781,2925.1689453125,-0.048950180411338806,-0.6684296131134033,-112.74275398254395
5175.25390625,505.3252868652344,2925.417236328125,-0.0989990234375,-0.6681495308876038,-113.6625862121582
5175.80224609375,505.31866455078125,2925.666748046875,-0.09234616160392761,-0.6666264533996582,-114.3652515411377
5176.3466796875,505.31201171875,2925.914306640625,-0.064666748046875,-0.665656566619873,-114.68865203857422
5176.88623046875,505.3053894042969,2926.161376953125,-0.0469360277056694,-0.6642768383026123,-114.86240577697754
5177.421875,505.2987365722656,2926.40771484375,-0.0381164625287056,-0.6635118722915649,-114.9291934967041
5177.95458984375,505.2922668457031,2926.653564453125,-0.029846200719475746,-0.6619887351989746,-114.98004722595215
5178.48291015625,505.2857971191406,2926.89892578125,-0.021698003634810448,-0.6607046723365784,-114.98638153076172
5179.00830078125,505.27935791015625,2927.142822265625,-0.01635739579796791,-0.658997118473053,-115.00852012634277
5179.53076171875,505.2729187011719,2927.38623046875,-0.009368889033794403,-0.6578086614608765,-115.0001277923584
5180.05078125,505.2664489746094,2927.62841796875,-0.0043945410288870335,-0.6565860509872437,-115.0156135559082
5180.56787109375,505.2601013183594,2927.869384765625,-0.0009155452717095613,-0.6551175713539124,-115.00328636169434
5181.0830078125,505.25384521484375,2928.109619140625,0.002171141328290105,-0.654844343662262,-115.01741600036621
5181.59619140625,505.24755859375,2928.3486328125,0.00437910296022892,-0.6533212065696716,-115.00392532348633
5182.107421875,505.2410888671875,2928.58740234375,0.007177311927080154,-0.6608890891075134,-115.01782608032227
5182.6162109375,505.2344055175781,2928.824951171875,0.008504025638103485,-0.6807307600975037,-115.00394630432129
5183.12451171875,505.2275695800781,2929.06201171875,0.009664524346590042,-0.703004002571106,-115.01802635192871
5183.63134765625,505.2207336425781,2929.298095703125,0.011029467917978764,-0.7266501188278198,-115.00384330749512
5184.13720703125,505.2140197753906,2929.533935546875,0.011998012661933899,-0.7492990493774414,-115.01800537109375
5184.6416015625,505.20709228515625,2929.77001953125,0.012571070343255997,-0.7695915102958679,-115.00377464294434
5185.14599609375,505.19970703125,2930.005126953125,0.015141692943871021,-0.7807042598724365,-115.01798248291016
5185.64892578125,505.1916198730469,2930.239501953125,0.016851680353283882,-0.8164602518081665,-115.00406646728516
5186.15185546875,505.18316650390625,2930.473876953125,0.01717657782137394,-0.860071063041687,-115.01835823059082
5186.65478515625,505.1745910644531,2930.7080078125,0.017886487767100334,-0.9063045978546143,-115.00402069091797
5187.15771484375,505.1659240722656,2930.9423828125,0.017787449061870575,-0.9515067934989929,-115.01850509643555
5187.66064453125,505.15740966796875,2931.1767578125,0.017699461430311203,-0.9953634142875671,-115.00440216064453
5188.16455078125,505.148193359375,2931.411865234375,0.019189566373825073,-1.0139483213424683,-115.01834106445312
5188.66943359375,505.1377868652344,2931.647705078125,0.023179514333605766,-1.0522452592849731,-115.00454330444336
5189.1748046875,505.1266174316406,2931.88330078125,0.022107494994997978,-1.1067774295806885,-115.01836585998535
5189.6806640625,505.115234375,2932.119384765625,0.022022917866706848,-1.1647931337356567,-115.00462341308594
5190.1884765625,505.1037292480469,2932.3564453125,0.02255738340318203,-1.223293662071228,-115.01840400695801
5190.697265625,505.09234619140625,2932.593994140625,0.022130172699689865,-1.2819513082504272,-115.00491714477539
5191.2080078125,505.0804138183594,2932.83203125,0.024638362228870392,-1.317345380783081,-115.01823425292969
5191.720703125,505.0675964355469,2933.0712890625,0.024617299437522888,-1.319428563117981,-115.00521850585938
5192.2353515625,505.0544738769531,2933.3115234375,0.025000102818012238,-1.3140463829040527,-115.0180549621582
5192.75048828125,505.0412292480469,2933.55712890625,-0.013122585602104664,-1.3081382513046265,-115.25279235839844
5193.26220703125,505.0279541015625,2933.81201171875,-0.078399658203125,-1.3066356182098389,-115.9438533782959
5193.77197265625,505.0138244628906,2934.076171875,-0.1343688815832138,-1.3545494079589844,-116.82690811157227
5194.283203125,504.99896240234375,2934.34375,-0.13818363845348358,-1.426081895828247,-117.50903511047363
5194.79736328125,504.9837341308594,2934.61279296875,-0.118072509765625,-1.502778172492981,-117.8148250579834
5195.31396484375,504.9683837890625,2934.88427734375,-0.104034423828125,-1.57980215549469,-117.97480392456055
5195.83349609375,504.9530334472656,2935.15869140625,-0.0966491624712944,-1.6561226844787598,-118.03368759155273
5196.35595703125,504.9366760253906,2935.435791015625,-0.09436038881540298,-1.6871317625045776,-118.07750511169434
5196.88232421875,504.9192199707031,2935.715576171875,-0.08953861147165298,-1.687896728515625,-118.08396339416504
5197.41259765625,504.9013671875,2935.997314453125,-0.08514404296875,-1.6806635856628418,-118.10094261169434
5197.94677734375,504.88336181640625,2936.2822265625,-0.07824710011482239,-1.6728771924972534,-118.09563255310059
5198.484375,504.8648681640625,2936.569091796875,-0.081634521484375,-1.6912572383880615,-118.10552597045898
5199.0263671875,504.84521484375,2936.8583984375,-0.07882692664861679,-1.759217619895935,-118.09857940673828
5199.57275390625,504.8250427246094,2937.149658203125,-0.07653806358575821,-1.8394722938537598,-118.10591697692871
5200.12353515625,504.8045654296875,2937.444091796875,-0.07443241029977798,-1.9223566055297852,-118.09940147399902
5200.6796875,504.783935546875,2937.740966796875,-0.07302853465080261,-2.005070209503174,-118.1053295135498
5201.2412109375,504.7622985839844,2938.04052734375,-0.07431022822856903,-2.0524239540100098,-118.10004997253418
5201.80859375,504.7393493652344,2938.34326171875,-0.07525632530450821,-2.0556888580322266,-118.10454559326172
5202.38134765625,504.7158203125,2938.64892578125,-0.07470706105232239,-2.0491931438446045,-118.10072135925293
5202.9599609375,504.69195556640625,2938.957763671875,-0.073638916015625,-2.042356252670288,-118.10363388061523
5203.54345703125,504.6673583984375,2939.26953125,-0.079925537109375,-2.0701277256011963,-118.10125350952148
5204.13330078125,504.64154052734375,2939.584716796875,-0.07949835062026978,-2.1465370655059814,-118.10266304016113
5204.7294921875,504.6150207519531,2939.90283203125,-0.0795593112707138,-2.2351930141448975,-118.10153198242188
5205.33203125,504.5881652832031,2940.224365234375,-0.0803833082318306,-2.325248956680298,-118.10202026367188
5205.94091796875,504.56085205078125,2940.549560546875,-0.08218388259410858,-2.4059135913848877,-118.10161781311035
5206.55712890625,504.5317077636719,2940.87841796875,-0.08489985018968582,-2.4248604774475098,-118.10166358947754
5207.1806640625,504.5015563964844,2941.211181640625,-0.086639404296875,-2.4220805168151855,-118.10157585144043
5207.810546875,504.47088623046875,2941.54736328125,-0.08541864156723022,-2.413447141647339,-118.10157203674316
5208.4482421875,504.43963623046875,2941.8876953125,-0.08547977358102798,-2.420769214630127,-118.10172271728516
5209.09326171875,504.4075622558594,2942.2314453125,-0.06420902907848358,-2.45483136177063,-118.10182571411133
5209.74609375,504.3748474121094,2942.579833984375,-0.0532836951315403,-2.5073485374450684,-118.10210800170898
5210.40673828125,504.3415222167969,2942.932373046875,-0.0316467210650444,-2.56024169921875,-118.10251998901367
5211.0751953125,504.30755615234375,2943.289306640625,-0.018341122195124626,-2.6033332347869873,-118.10322189331055
5211.751953125,504.2724914550781,2943.650634765625,0.01498407032340765,-2.6150128841400146,-118.1041088104248
5212.4365234375,504.23651123046875,2944.0166015625,0.02671566605567932,-2.615074396133423,-118.10533714294434
5213.12548828125,504.2001953125,2944.389892578125,0.006239531096071005,-2.6161739826202393,-118.37910461425781
5213.80859375,504.1639099121094,2944.7734375,-0.06213372200727463,-2.620203971862793,-119.13802909851074
5214.482421875,504.12799072265625,2945.1650390625,-0.12261967360973358,-2.6267404556274414,-120.1827507019043
5215.14404296875,504.0923767089844,2945.563720703125,-0.188629150390625,-2.6288986206054688,-121.38589477539062
5215.791015625,504.0572204589844,2945.9697265625,-0.25735461711883545,-2.638392686843872,-122.67184448242188
5216.42138671875,504.02252197265625,2946.38232421875,-0.3304443061351776,-2.6468825340270996,-124.00163269042969
5217.0341796875,503.98834228515625,2946.802490234375,-0.3955993056297302,-2.661280632019043,-125.3481559753418
5217.6259765625,503.9549255371094,2947.231689453125,-0.48934924602508545,-2.669886589050293,-126.90801239013672
5218.19140625,503.9220886230469,2947.67333984375,-0.6225584149360657,-2.675412178039551,-128.84449768066406
5218.7373046875,503.88983154296875,2948.119873046875,-0.6617431640625,-2.670474052429199,-130.54816818237305
5219.27197265625,503.85797119140625,2948.565185546875,-0.6284180879592896,-2.6668403148651123,-131.4850196838379
5219.79345703125,503.82647705078125,2949.00927734375,-0.5767517685890198,-2.672762155532837,-131.98109817504883
5220.30224609375,503.79547119140625,2949.452392578125,-0.5325318574905396,-2.6799542903900146,-132.24273681640625
5220.798828125,503.76507568359375,2949.892333984375,-0.4908446967601776,-2.6839568614959717,-132.3796730041504
5221.2861328125,503.7352294921875,2950.3291015625,-0.4446715712547302,-2.68975567817688,-132.45101165771484
5221.76416015625,503.70556640625,2950.760498046875,-0.3953249156475067,-2.6952130794525146,-132.4886016845703
5222.23291015625,503.6762390136719,2951.18701171875,-0.34722900390625,-2.6940245628356934,-132.5088233947754
5222.6943359375,503.6473083496094,2951.607666015625,-0.3005371391773224,-2.701073408126831,-132.51949310302734
5223.1474609375,503.6188659667969,2952.0224609375,-0.2594910264015198,-2.7119128704071045,-132.52585220336914
5223.5947265625,503.5909118652344,2952.431396484375,-0.23504643142223358,-2.711946964263916,-132.52915573120117
5224.0341796875,503.5633850097656,2952.833984375,-0.207672119140625,-2.7084567546844482,-132.53343200683594
5224.466796875,503.5361328125,2953.231201171875,-0.17193596065044403,-2.7131011486053467,-132.53010177612305
5224.8935546875,503.5090637207031,2953.6220703125,-0.1279601752758026,-2.7131354808807373,-132.54019927978516
5225.31396484375,503.4824523925781,2954.00732421875,-0.1042175441980362,-2.7087366580963135,-132.52991485595703
5225.7275390625,503.4563293457031,2954.38720703125,-0.08499133586883545,-2.7152390480041504,-132.54416275024414
5226.1357421875,503.4305114746094,2954.76123046875,-0.05944834277033806,-2.7288448810577393,-132.53157424926758
5226.53759765625,503.4049072265625,2955.1298828125,-0.04016110673546791,-2.741542100906372,-132.54716873168945
5226.93310546875,503.37933349609375,2955.4931640625,-0.01281737070530653,-2.7556464672088623,-132.53422164916992
5227.32373046875,503.3538513183594,2955.8505859375,0.025894753634929657,-2.792509078979492,-132.5511817932129
5227.7041015625,503.3287048339844,2956.206298828125,0.0059851985424757,-2.8279714584350586,-132.76713943481445
5228.072265625,503.30389404296875,2956.562744140625,-0.053955111652612686,-2.8634884357452393,-133.41014862060547
5228.4296875,503.2789306640625,2956.91845703125,-0.08529648929834366,-2.9019763469696045,-134.21392440795898
5228.77587890625,503.2541198730469,2957.27392578125,-0.1264343112707138,-2.9448153972625732,-135.1366195678711
5229.111328125,503.2294006347656,2957.630126953125,-0.1609497219324112,-2.9838225841522217,-136.05920028686523
5229.4365234375,503.20458984375,2957.987060546875,-0.18835444748401642,-3.010064125061035,-137.0276107788086
5229.7509765625,503.1799621582031,2958.343994140625,-0.2281188666820526,-3.0358550548553467,-137.95668029785156
5230.05126953125,503.15557861328125,2958.701904296875,-0.29736316204071045,-3.0721778869628906,-139.1075210571289
5230.34130859375,503.1311340332031,2959.059814453125,-0.3226317763328552,-3.1029343605041504,-140.1528549194336
5230.6298828125,503.1065368652344,2959.4111328125,-0.2581784725189209,-3.127898693084717,-140.68020248413086
5230.9140625,503.0821228027344,2959.7587890625,-0.1960449516773224,-3.1673223972320557,-140.8914794921875
5231.1943359375,503.0577087402344,2960.1025390625,-0.15872177481651306,-3.1913442611694336,-141.0193328857422
5231.470703125,503.03369140625,2960.442138671875,-0.14111335575580597,-3.2211854457855225,-141.04755401611328
5231.7431640625,503.0096740722656,2960.778076171875,-0.11346421390771866,-3.2555205821990967,-141.0935935974121
5232.01220703125,502.9855651855469,2961.11083984375,-0.08340457081794739,-3.2814958095550537,-141.0837059020996
5232.2783203125,502.96142578125,2961.43994140625,-0.04531864821910858,-3.316432237625122,-141.11272430419922
5232.54150390625,502.9371337890625,2961.765869140625,0.006169542204588652,-3.347414016723633,-141.09402084350586
5232.798828125,502.9129943847656,2962.090576171875,-0.0019531685393303633,-3.362727403640747,-141.32062530517578
5233.04638671875,502.8892822265625,2962.416259765625,-0.0621337890625,-3.3900413513183594,-141.83917999267578
5233.287109375,502.86553955078125,2962.741455078125,-0.10244757682085037,-3.4235775470733643,-142.55806350708008
5233.52001953125,502.84185791015625,2963.06689453125,-0.13891597092151642,-3.447291851043701,-143.29712677001953
5233.74755859375,502.8180236816406,2963.392822265625,-0.16384883224964142,-3.476682186126709,-144.10857391357422
5233.9677734375,502.7943115234375,2963.7197265625,-0.1907043308019638,-3.5025277137756348,-144.88088989257812
5234.18603515625,502.7702941894531,2964.04296875,-0.1537780612707138,-3.520388603210449,-145.44498443603516
5234.40478515625,502.74652099609375,2964.36376953125,-0.10690304636955261,-3.5477230548858643,-145.65441131591797
5234.62060546875,502.7228088378906,2964.681396484375,-0.08209207653999329,-3.577632427215576,-145.78407287597656
5234.8359375,502.6990051269531,2964.997802734375,-0.04074102267622948,-3.613825559616089,-145.80490112304688
5235.26123046875,502.6516418457031,2965.6240234375,0.017458340153098106,-3.6539597511291504,-145.8381576538086
5235.26123046875,502.6516418457031,2965.6240234375,0.017458340153098106,-3.6539597511291504,-145.8381576538086
5235.47216796875,502.6280212402344,2965.934326171875,0.0642772912979126,-3.657525062561035,-145.87018966674805
5235.681640625,502.6048583984375,2966.243408203125,0.08086208999156952,-3.6499640941619873,-145.85051727294922
5235.890625,502.5818176269531,2966.55126953125,0.0954883024096489,-3.6307029724121094,-145.88117218017578
5236.09814453125,502.55902099609375,2966.857666015625,0.12457072734832764,-3.599331855773926,-145.8577651977539
5236.30517578125,502.53656005859375,2967.162841796875,0.14831611514091492,-3.550844430923462,-145.8872833251953
5236.51123046875,502.5142517089844,2967.467041015625,0.1762402206659317,-3.485349655151367,-145.86438751220703
5236.7138671875,502.4921875,2967.772216796875,0.15867199003696442,-3.4193973541259766,-146.08172225952148
5236.90869140625,502.470703125,2968.07958984375,0.12281199544668198,-3.3469154834747314,-146.56315231323242
5237.09912109375,502.4496765136719,2968.389404296875,0.09106069803237915,-3.26788330078125,-147.2361602783203
5237.2841796875,502.4290466308594,2968.700439453125,0.051320865750312805,-3.195981979370117,-147.91278839111328
5237.46484375,502.4090881347656,2969.013671875,-0.0001525166298961267,-3.11089825630188,-148.66785049438477
5237.6416015625,502.3896484375,2969.328369140625,-0.0326232984662056,-3.0241684913635254,-149.37701797485352
5237.814453125,502.3705749511719,2969.64501953125,-0.04003887623548508,-2.9550743103027344,-150.1391487121582
5237.9794921875,502.3517761230469,2969.964599609375,-0.07913193106651306,-2.8992648124694824,-151.02559280395508
5238.14013671875,502.3333435058594,2970.285888671875,-0.08703600615262985,-2.8369393348693848,-151.90325927734375
5238.3046875,502.31549072265625,2970.60546875,-0.033782705664634705,-2.776150703430176,-152.24368286132812
5238.470703125,502.2980041503906,2970.924072265625,-0.0009154253057204187,-2.7231757640838623,-152.4220314025879
5238.63671875,502.2806091308594,2971.2431640625,0.016920316964387894,-2.6780965328216553,-152.45955657958984
5238.80322265625,502.2634582519531,2971.5625,0.03849373012781143,-2.653104782104492,-152.51303100585938
5238.9697265625,502.2467346191406,2971.883056640625,0.04357589781284332,-2.639833927154541,-152.5000114440918
5239.13671875,502.23004150390625,2972.2041015625,0.050213977694511414,-2.623680353164673,-152.53307723999023
5239.30419921875,502.2131042480469,2972.52587890625,0.0694848969578743,-2.6011886596679688,-152.50933456420898
5239.47265625,502.1963806152344,2972.849365234375,0.08635855466127396,-2.5868520736694336,-152.5376853942871
5239.64111328125,502.1797790527344,2973.174072265625,0.09699278324842453,-2.588040590286255,-152.51356887817383
5239.81103515625,502.1629638671875,2973.49951171875,0.0961565226316452,-2.6120896339416504,-152.5395050048828
5239.98095703125,502.1457214355469,2973.827392578125,0.09952321648597717,-2.642395257949829,-152.51543426513672
5240.15185546875,502.1281433105469,2974.156494140625,0.11071978509426117,-2.666198253631592,-152.54081344604492
5240.32421875,502.11041259765625,2974.488037109375,0.11808210611343384,-2.6944003105163574,-152.51547622680664
5240.49755859375,502.0926818847656,2974.821533203125,0.11503054201602936,-2.724699020385742,-152.5411834716797
5240.671875,502.0749206542969,2975.157470703125,0.116644948720932,-2.7543623447418213,-152.5155487060547
5240.84814453125,502.05694580078125,2975.49560546875,0.11561869084835052,-2.783780097961426,-152.54022598266602
5241.025390625,502.0389099121094,2975.836181640625,0.11695925891399384,-2.8111212253570557,-152.5157814025879
5241.2041015625,502.0201416015625,2976.179931640625,0.11825410276651382,-2.81676983833313,-152.53968811035156
5241.3837890625,502.0008850097656,2976.526611328125,0.11885711550712585,-2.815178394317627,-152.51593780517578
5241.56591796875,501.9814758300781,2976.876220703125,0.11637921631336212,-2.812685489654541,-152.53997421264648
5241.7490234375,501.9611511230469,2977.229248046875,0.12625399231910706,-2.844630241394043,-152.51649856567383
5241.93408203125,501.9400329589844,2977.585205078125,0.1287301778793335,-2.902160882949829,-152.5392837524414
5242.12109375,501.91851806640625,2977.945556640625,0.12922051548957825,-2.9664807319641113,-152.5163230895996
5242.310546875,501.8966369628906,2978.309326171875,0.12829145789146423,-3.0314905643463135,-152.53947067260742
5242.50146484375,501.87457275390625,2978.677001953125,0.12841318547725677,-3.0965890884399414,-152.51703262329102
5242.6943359375,501.852294921875,2979.048583984375,0.12705112993717194,-3.1608269214630127,-152.53908157348633
5242.8896484375,501.8298034667969,2979.424560546875,0.12911690771579742,-3.2246687412261963,-152.51703262329102
5243.08740234375,501.8065490722656,2979.80517578125,0.1340644508600235,-3.2665650844573975,-152.53839111328125
5243.28466796875,501.7820739746094,2980.192626953125,0.09802374988794327,-3.269768476486206,-152.73110580444336
5243.48095703125,501.7568664550781,2980.58544921875,0.07309771329164505,-3.2645912170410156,-153.04126358032227
5243.68115234375,501.7310485839844,2980.983154296875,0.08454128354787827,-3.270902395248413,-153.14635848999023
5243.88427734375,501.70452880859375,2981.38525390625,0.0883716270327568,-3.2979977130889893,-153.22141647338867
5244.08984375,501.6774597167969,2981.792724609375,0.0941830575466156,-3.3293139934539795,-153.22577285766602
5244.2978515625,501.6500244140625,2982.205810546875,0.09366561472415924,-3.363553762435913,-153.25548553466797
5244.50927734375,501.6222839355469,2982.625,0.09694904088973999,-3.398005247116089,-153.24123001098633
5244.7236328125,501.59417724609375,2983.049560546875,0.09628648310899734,-3.432887077331543,-153.26139450073242
5244.93994140625,501.5656433105469,2983.480224609375,0.09744910150766373,-3.4644699096679688,-153.24481582641602
5245.15966796875,501.5361328125,2983.91748046875,0.09927825629711151,-3.4717371463775635,-153.26193237304688
5245.3837890625,501.5058898925781,2984.361083984375,0.09983751177787781,-3.468383550643921,-153.24538803100586
5245.611328125,501.47509765625,2984.811279296875,0.10046923160552979,-3.4638004302978516,-153.2615509033203
5245.84033203125,501.44384765625,2985.26806640625,0.10068594664335251,-3.4597432613372803,-153.24602508544922
5246.07470703125,501.41217041015625,2985.732177734375,0.09892524778842926,-3.4557135105133057,-153.26087951660156
5246.3076171875,501.3799743652344,2986.205322265625,0.05355176329612732,-3.452667236328125,-153.48933792114258
5246.53466796875,501.3473815917969,2986.689208984375,-0.03503411263227463,-3.451383113861084,-154.16421508789062
5246.7578125,501.3143615722656,2987.18408203125,-0.12274160236120224,-3.4490950107574463,-155.0282745361328
5246.9765625,501.2808837890625,2987.68994140625,-0.2099612057209015,-3.447230339050293,-156.018310546875
5247.1904296875,501.2473449707031,2988.207763671875,-0.2851559817790985,-3.413543939590454,-157.0482177734375
5247.40478515625,501.21417236328125,2988.73486328125,-0.29779037833213806,-3.3424620628356934,-157.78237915039062
5247.623046875,501.18170166015625,2989.270751953125,-0.2602234482765198,-3.2077572345733643,-158.0972671508789
5247.84375,501.15069580078125,2989.81689453125,-0.23818981647491455,-2.9906322956085205,-158.24527740478516
5248.06591796875,501.1204833984375,2990.37158203125,-0.21270751953125,-2.7239749431610107,-158.30154418945312
5248.29248046875,501.0915222167969,2990.935791015625,-0.19094860553741455,-2.435795545578003,-158.33394622802734
5248.5205078125,501.06378173828125,2991.50927734375,-0.17443834245204926,-2.186152219772339,-158.34234619140625
5248.751953125,501.03729248046875,2992.091064453125,-0.15081781148910522,-2.0102474689483643,-158.35042572021484
5248.98681640625,501.0126953125,2992.681884765625,-0.14318852126598358,-1.9389607906341553,-158.35131072998047
5249.22509765625,500.9891662597656,2993.28125,-0.12765493988990784,-1.93475341796875,-158.35376739501953
5249.466796875,500.9661865234375,2993.8896484375,-0.10766605287790298,-1.974819302558899,-158.35415649414062
5249.70751953125,500.9426574707031,2994.509033203125,-0.14047251641750336,-2.048797130584717,-158.6161346435547
5249.94091796875,500.91796875,2995.140625,-0.22137443721294403,-2.123075485229492,-159.34920501708984
5250.17529296875,500.8922119140625,2995.783447265625,-0.23654162883758545,-2.1899361610412598,-159.99246215820312
5250.4130859375,500.8653869628906,2996.436279296875,-0.21310430765151978,-2.259091854095459,-160.3218994140625
5250.65234375,500.8372497558594,2997.099365234375,-0.20181268453598022,-2.320160388946533,-160.49207305908203
5250.8935546875,500.8077697753906,2997.7734375,-0.18356314301490784,-2.360868453979492,-160.58171844482422
5251.13818359375,500.7772216796875,2998.4580078125,-0.15887460112571716,-2.396078109741211,-160.62935638427734
5251.38427734375,500.74603271484375,2999.153076171875,-0.13504014909267426,-2.414553642272949,-160.65525817871094
5251.6328125,500.7140808105469,2999.8583984375,-0.12551867961883545,-2.4198949337005615,-160.66979217529297
5251.8857421875,500.681396484375,3000.57470703125,-0.0974733978509903,-2.4183309078216553,-160.6781005859375
5252.140625,500.6481018066406,3001.300537109375,-0.07666026055812836,-2.407709836959839,-160.68305206298828
5252.3984375,500.6146240234375,3002.037109375,-0.06570423394441605,-2.400845527648926,-160.68603515625
5252.6611328125,500.5806579589844,3002.783447265625,-0.045532193034887314,-2.3997185230255127,-160.68788146972656
5252.92626953125,500.54608154296875,3003.5400390625,-0.018127596005797386,-2.4047181606292725,-160.68915557861328
5253.19482421875,500.5113525390625,3004.306396484375,-0.005035411566495895,-2.4073410034179688,-160.69031524658203
5253.46728515625,500.4762878417969,3005.082763671875,0.000672299531288445,-2.407040596008301,-160.69152069091797
5253.7431640625,500.44061279296875,3005.869384765625,0.01871875487267971,-2.399780035018921,-160.6925048828125
5254.0224609375,500.4042053222656,3006.665283203125,0.047614000737667084,-2.398953437805176,-160.6932373046875
5254.3046875,500.3675537109375,3007.471435546875,0.06884589791297913,-2.4029834270477295,-160.69402313232422
5254.59033203125,500.3307189941406,3008.287841796875,0.07597935199737549,-2.4066169261932373,-160.69503784179688
5254.8798828125,500.29327392578125,3009.11376953125,0.09959179908037186,-2.4066784381866455,-160.69602966308594
5255.17236328125,500.25537109375,3009.94970703125,0.11406315118074417,-2.3914129734039307,-160.69700622558594
5255.46923828125,500.2176208496094,3010.7958984375,0.11993439495563507,-2.3637986183166504,-160.69783782958984
5255.7685546875,500.1795959472656,3011.651611328125,0.142218217253685,-2.322749137878418,-160.6984405517578
5256.0712890625,500.1422119140625,3012.517333984375,0.15585795044898987,-2.2450215816497803,-160.69915771484375
5256.3779296875,500.1057434082031,3013.393310546875,0.1504225730895996,-2.15381121635437,-160.70011138916016
5256.68798828125,500.0700378417969,3014.278564453125,0.16169418394565582,-2.0369808673858643,-160.7008819580078
5256.99560546875,500.0357971191406,3015.17529296875,0.12196638435125351,-1.9255599975585938,-160.99337768554688
5257.294921875,500.0030822753906,3016.084228515625,0.034209124743938446,-1.819514513015747,-161.81358337402344
5257.58447265625,499.97210693359375,3017.005859375,-0.05520634353160858,-1.7087630033493042,-162.98202514648438
5257.861328125,499.94244384765625,3017.94091796875,-0.13629154860973358,-1.6060506105422974,-164.36358642578125
5258.12255859375,499.91461181640625,3018.889404296875,-0.2185973972082138,-1.4936188459396362,-165.88880157470703
5258.3681640625,499.8884582519531,3019.8515625,-0.29937732219696045,-1.3923271894454956,-167.50184631347656
5258.59375,499.8638610839844,3020.827392578125,-0.3742675185203552,-1.2771018743515015,-169.18212127685547
5258.79296875,499.8411865234375,3021.815673828125,-0.4796141982078552,-1.1642398834228516,-171.12136840820312
5258.96875,499.8201599121094,3022.816162109375,-0.53009033203125,-1.0573952198028564,-173.0318832397461
5259.12939453125,499.8006591796875,3023.82861328125,-0.5176085829734802,-0.963958203792572,-174.2903594970703
5259.27490234375,499.7823181152344,3024.853271484375,-0.497802734375,-0.9154980182647705,-175.10983276367188
5259.404296875,499.7645263671875,3025.888671875,-0.4737853705883026,-0.9051161408424377,-175.6458511352539
5259.52001953125,499.7469482421875,3026.935302734375,-0.456298828125,-0.92822265625,-175.99403381347656
5259.625,499.7288513183594,3027.99169921875,-0.42974844574928284,-0.9697843790054321,-176.22222900390625
5259.720703125,499.7096862792969,3029.059326171875,-0.392791748046875,-1.0196857452392578,-176.37267303466797
5259.80859375,499.6894836425781,3030.13671875,-0.3554076850414276,-1.0766563415527344,-176.47191619873047
5259.8916015625,499.6681213378906,3031.224853515625,-0.3234558701515198,-1.1257585287094116,-176.53905487060547
5259.97119140625,499.64544677734375,3032.32275390625,-0.2810973823070526,-1.1715071201324463,-176.58433532714844
5260.046875,499.6217346191406,3033.430908203125,-0.24124141037464142,-1.2144485712051392,-176.614990234375
5260.1201171875,499.5969543457031,3034.548583984375,-0.2052306830883026,-1.2489614486694336,-176.63614654541016
5260.1923828125,499.57147216796875,3035.676513671875,-0.1721191555261612,-1.2656817436218262,-176.65127563476562
5260.26416015625,499.5453796386719,3036.81396484375,-0.13974009454250336,-1.2699916362762451,-176.66199493408203
5260.33349609375,499.5188903808594,3037.9580078125,-0.10427854210138321,-1.2704150676727295,-176.66929626464844
5260.40234375,499.49267578125,3039.1025390625,-0.08468620479106903,-1.2781332731246948,-176.6741714477539
5260.47119140625,499.466552734375,3040.241455078125,-0.06558231264352798,-1.2846628427505493,-176.67774963378906
5260.53759765625,499.44061279296875,3041.37109375,-0.05157473683357239,-1.301936388015747,-176.68036651611328
5260.60302734375,499.41412353515625,3042.48876953125,-0.044036850333213806,-1.3732026815414429,-176.68218231201172
5260.66845703125,499.387451171875,3043.592529296875,-0.037780825048685074,-1.4638323783874512,-176.68360900878906
5260.73193359375,499.3600158691406,3044.68212890625,-0.038665771484375,-1.5622758865356445,-176.68486785888672
5260.79443359375,499.3302307128906,3045.756103515625,-0.04531865194439888,-1.6831361055374146,-176.6857452392578
5260.8603515625,499.298828125,3046.814208984375,-0.012207123450934887,-1.8522311449050903,-176.4357147216797
5260.935546875,499.2654724121094,3047.855224609375,0.04941672459244728,-2.0272409915924072,-175.70736694335938
5261.02197265625,499.2297058105469,3048.87890625,0.11524944752454758,-2.1718156337738037,-174.63827514648438
5261.1201171875,499.1917724609375,3049.885498046875,0.18766748905181885,-2.3094098567962646,-173.34616088867188
5261.22998046875,499.1518249511719,3050.874267578125,0.2707236707210541,-2.442810297012329,-171.90554809570312
5261.3525390625,499.11029052734375,3051.84619140625,0.3084260821342468,-2.5809576511383057,-170.693115234375
5261.48193359375,499.0671081542969,3052.802490234375,0.3148805797100067,-2.7106902599334717,-169.87810516357422
5261.619140625,499.0223388671875,3053.741455078125,0.3143051564693451,-2.8372740745544434,-169.3274688720703
5261.765625,498.9761657714844,3054.664306640625,0.32332712411880493,-2.9653878211975098,-168.955810546875
5261.91845703125,498.9287109375,3055.57177734375,0.30784204602241516,-3.086029529571533,-168.70361328125
5262.0771484375,498.88037109375,3056.46337890625,0.28697097301483154,-3.1926214694976807,-168.53231048583984
5262.23974609375,498.83154296875,3057.3408203125,0.25187721848487854,-3.264037847518921,-168.4136962890625
5262.40478515625,498.78228759765625,3058.204345703125,0.20879267156124115,-3.290525436401367,-168.33020782470703
5262.5712890625,498.73333740234375,3059.053955078125,0.16536875069141388,-3.302608013153076,-168.2738037109375
5262.7392578125,498.6847229003906,3059.889892578125,0.12040165066719055,-3.2979977130889893,-168.23521423339844
5262.9052734375,498.6368713378906,3060.712646484375,0.08006977289915085,-3.3035573959350586,-168.2100372314453
5263.0712890625,498.5899963378906,3061.52294921875,0.03484059125185013,-3.2899789810180664,-168.19281768798828
5263.23974609375,498.5442199707031,3062.319091796875,0.03780736029148102,-3.2767558097839355,-167.91971588134766
5263.41796875,498.49957275390625,3063.099853515625,0.09545351564884186,-3.237973928451538,-167.16885375976562
5263.5986328125,498.4559020996094,3063.86767578125,0.10690232366323471,-3.1979353427886963,-166.48167419433594
5263.77734375,498.4134216308594,3064.623779296875,0.08164317905902863,-3.1554243564605713,-166.0995330810547
5263.95751953125,498.37225341796875,3065.36767578125,0.05254914611577988,-3.1055569648742676,-165.8876190185547
5264.13720703125,498.33258056640625,3066.099365234375,0.014372236095368862,-3.061734676361084,-165.77088165283203
5264.3154296875,498.29388427734375,3066.819580078125,-0.0060730427503585815,-3.0081722736358643,-165.70545959472656
5264.4931640625,498.2565002441406,3067.5283203125,-0.03283700719475746,-2.951474905014038,-165.66887664794922
5264.66943359375,498.2204895019531,3068.225830078125,-0.0664975494146347,-2.899995803833008,-165.6483154296875
5264.84423828125,498.1854248046875,3068.912841796875,-0.0881957858800888,-2.8605308532714844,-165.6365203857422
5265.02099609375,498.15142822265625,3069.5869140625,-0.06524641811847687,-2.818566083908081,-165.36803436279297
5265.2060546875,498.1187744140625,3070.247802734375,-0.001281733508221805,-2.7722439765930176,-164.6403350830078
5265.3984375,498.0871887207031,3070.894287109375,0.057381611317396164,-2.740934371948242,-163.6627960205078
5265.59814453125,498.05615234375,3071.52783203125,0.1291573941707611,-2.7015650272369385,-162.55599975585938
5265.80615234375,498.0261535644531,3072.1474609375,0.18913215398788452,-2.6579270362854004,-161.3896713256836
5266.02197265625,497.99737548828125,3072.753173828125,0.23883606493473053,-2.6158394813537598,-160.20127868652344
5266.24072265625,497.9693603515625,3073.34716796875,0.23101098835468292,-2.5860188007354736,-159.36087799072266
5266.45751953125,497.9420166015625,3073.931396484375,0.19072961807250977,-2.540741443634033,-158.95636749267578
5266.6748046875,497.9154052734375,3074.505859375,0.1616840660572052,-2.5066792964935303,-158.76433563232422
5266.890625,497.8896789550781,3075.070556640625,0.13270744681358337,-2.4757111072540283,-158.6749267578125
5267.10498046875,497.8648681640625,3075.62548828125,0.09700313955545425,-2.4444220066070557,-158.6313705444336
5267.3173828125,497.8406677246094,3076.1728515625,0.06598138064146042,-2.3998961448669434,-158.612548828125
5267.52685546875,497.8171691894531,3076.71044921875,0.040140945464372635,-2.372069835662842,-158.60159301757812
5267.7333984375,497.7941589355469,3077.240478515625,0.02305280975997448,-2.3369081020355225,-158.5963363647461
5267.93798828125,497.7718505859375,3077.7626953125,0.001247301115654409,-2.3002846240997314,-158.59352111816406
5268.13916015625,497.7502746582031,3078.277099609375,-0.017669634893536568,-2.265443801879883,-158.59162139892578
5268.341796875,497.7294921875,3078.78125,0.0012320822570472956,-2.23901104927063,-158.35730743408203
5268.5498046875,497.70941162109375,3079.27294921875,0.05562601611018181,-2.2048327922821045,-157.7114028930664
5268.76220703125,497.68975830078125,3079.753662109375,0.1028025671839714,-2.166501760482788,-156.87284088134766
5268.97802734375,497.6705627441406,3080.223388671875,0.1496906280517578,-2.1379036903381348,-155.94625091552734
5269.197265625,497.6520690917969,3080.682373046875,0.18050967156887054,-2.1097633838653564,-154.99114227294922
5269.4208984375,497.6340026855469,3081.130126953125,0.2119935154914856,-2.086916446685791,-154.02436065673828
5269.6484375,497.6163635253906,3081.5673828125,0.24261394143104553,-2.072327136993408,-153.0666160583496
5269.87548828125,497.5992126464844,3081.9970703125,0.21855191886425018,-2.0636253356933594,-152.41662216186523
5270.09814453125,497.58245849609375,3082.419921875,0.17269442975521088,-2.0547189712524414,-152.12657928466797
5270.31787109375,497.56585693359375,3082.83642578125,0.14169208705425262,-2.04742431640625,-151.99618911743164
5270.53564453125,497.5496826171875,3083.24658203125,0.11451466381549835,-2.045983076095581,-151.93796920776367
5270.75,497.5336608886719,3083.650146484375,0.09308333694934845,-2.048489809036255,-151.9110565185547
5270.9619140625,497.5178527832031,3084.048095703125,0.08351179957389832,-2.050504684448242,-151.89888763427734
5271.17041015625,497.5022277832031,3084.440673828125,0.0635281503200531,-2.0492751598358154,-151.8927001953125
5271.376953125,497.4869384765625,3084.8271484375,0.04310579597949982,-2.049527883529663,-151.88961791992188
5271.58056640625,497.47186279296875,3085.208251953125,0.021879808977246284,-2.0517613887786865,-151.8876724243164
5271.78173828125,497.456787109375,3085.584716796875,0.015542910434305668,-2.054684638977051,-151.88625717163086
5271.98291015625,497.4419860839844,3085.9541015625,0.03683348000049591,-2.0587692260742188,-151.6791877746582
5272.189453125,497.4273986816406,3086.314208984375,0.08156366646289825,-2.053462028503418,-151.13504028320312
5272.3974609375,497.41302490234375,3086.666259765625,0.11802086979150772,-2.0451018810272217,-150.43207550048828
5272.60791015625,497.3987731933594,3087.01123046875,0.144899383187294,-2.045593738555908,-149.6748275756836
5272.8212890625,497.384765625,3087.349609375,0.16532935202121735,-2.0471441745758057,-148.88955307006836
5273.03125,497.3708801269531,3087.68310546875,0.14142726361751556,-2.048646926879883,-148.36315155029297
5273.23779296875,497.3570861816406,3088.0146484375,0.1090034618973732,-2.0455596446990967,-148.1392364501953
5273.44287109375,497.3434143066406,3088.342041015625,0.08604896813631058,-2.0405802726745605,-148.04421997070312
5273.6455078125,497.3299255371094,3088.667236328125,0.06753215193748474,-2.041898488998413,-148.00323486328125
5273.845703125,497.31671142578125,3088.98779296875,0.04723662510514259,-2.045224905014038,-147.98589706420898
5274.044921875,497.3035583496094,3089.30615234375,0.03490191325545311,-2.0469939708709717,-147.97782516479492
5274.24169921875,497.2903747558594,3089.62158203125,0.026465918868780136,-2.045593738555908,-147.97390365600586
5274.4375,497.2774353027344,3089.93408203125,0.009278424084186554,-2.044917583465576,-147.9721565246582
5274.63037109375,497.2645568847656,3090.24365234375,0.003994362894445658,-2.0451018810272217,-147.97039413452148
5274.826171875,497.2516174316406,3090.549072265625,0.03145483881235123,-2.0467753410339355,-147.78156661987305
5275.02099609375,497.2389221191406,3090.850341796875,0.032002754509449005,-2.048312187194824,-147.5357208251953
